 175.11 
 175.11 
 175.83 
 173.65 
 172.83 
 171.99 
 171.15 
 170.31 
 169.47 
 168.64 
 167.81 
 166.99 
 166.18 
 176.43 
 165.37 
 164.58 
 163.80 
 163.03 
 162.28 
 161.53 
 160.80 
 160.09 
 159.38 
 158.69 
 176.84 
 158.02 
 157.35 
 156.71 
 156.07 
 155.45 
 154.85 
 154.25 
 153.68 
 153.11 
 152.56 
 177.00 
 152.03 
 151.50 
 150.99 
 150.50 
 150.02 
 149.55 
 149.09 
 148.65 
 148.22 
 147.80 
 176.87 
 147.40 
 147.00 
 146.62 
 146.26 
 145.90 
 145.56 
 145.22 
 144.90 
 144.59 
 144.29 
 176.47 
 144.00 
 175.89 
 175.20 
 174.45 
