 176.22 
 175.40 
 174.53 
 173.62 
 172.70 
 171.75 
 170.79 
 169.82 
 168.83 
 167.84 
 166.85 
 165.84 
 164.83 
 163.81 
 162.80 
 161.77 
 160.75 
 159.72 
 158.69 
 157.66 
 156.63 
 155.60 
 154.57 
 153.54 
 152.52 
 151.49 
 150.47 
 149.46 
 148.44 
 147.44 
 146.43 
 145.44 
 144.45 
 143.46 
 142.48 
 141.51 
 140.55 
 139.60 
 138.65 
 137.71 
 136.78 
 135.86 
 134.95 
 134.05 
 133.16 
 132.28 
 131.41 
 130.55 
 129.69 
 128.85 
 128.02 
 127.20 
 126.39 
 125.59 
 124.80 
 124.02 
 123.25 
 122.50 
 121.75 
 121.01 
 120.28 
