 170.11 
 170.85 
 173.80 
 173.51 
 173.11 
 172.62 
 172.07 
 171.47 
 170.83 
 170.17 
 169.49 
 168.80 
 171.55 
 168.10 
 167.39 
 166.69 
 165.99 
 165.29 
 164.60 
 163.92 
 163.24 
 162.58 
 161.92 
 172.20 
 161.28 
 160.64 
 160.02 
 159.41 
 158.81 
 158.23 
 157.65 
 157.09 
 156.55 
 156.01 
 172.77 
 155.49 
 154.98 
 154.49 
 154.00 
 153.53 
 153.07 
 152.63 
 152.19 
 151.77 
 151.36 
 173.26 
 150.97 
 150.58 
 150.21 
 149.85 
 149.49 
 149.16 
 148.83 
 148.51 
 148.21 
 147.91 
 173.63 
 147.63 
 173.89 
 174.00 
 173.97 
