179.5	-2.22489	-2.23701
179.51	-2.22485	-2.23698
179.52	-2.22485	-2.23699
179.51	-2.22478	-2.23694
179.49	-2.22469	-2.23688
179.47	-2.22459	-2.23681
179.42	-2.22444	-2.2367
179.37	-2.22428	-2.23659
179.31	-2.22406	-2.23643
179.16	-2.22345	-2.23598
179.07	-2.22304	-2.23566
178.98	-2.2226	-2.23533
178.88	-2.22208	-2.23492
178.77	-2.22143	-2.2344
178.65	-2.22072	-2.23384
178.53	-2.2199	-2.23317
178.4	-2.21897	-2.23242
178.26	-2.21789	-2.23153
178.12	-2.21669	-2.23054
177.96	-2.10389	-2.11194
177.81	-2.2138	-2.22812
177.64	-2.2121	-2.22669
177.47	-2.21021	-2.2251
177.29	-2.20812	-2.22334
177.1	-2.20576	-2.22134
176.9	-2.20316	-2.21912
176.69	-2.20033	-2.2167
176.48	-2.1972	-2.21401
176.25	-2.19376	-2.21105
176.02	-2.19	-2.20778
175.78	-2.18588	-2.20417
175.52	-2.18141	-2.20021
175.26	-2.17651	-2.19582
174.98	-2.12476	-2.11623
174.7	-2.13916	-2.13935
174.4	-2.12813	-2.12142
174.09	-2.12446	-2.11269
173.77	-2.12389	-2.11131
173.43	-2.12308	-2.11
173.08	-2.12194	-2.10872
172.71	-2.12046	-2.10749
172.33	-2.11863	-2.10635
171.93	-2.11639	-2.10527
171.52	-2.11374	-2.10428
171.08	-2.11055	-2.10328
170.63	-2.10685	-2.10234
170.16	-2.10256	-2.10132
169.67	-2.09773	-2.10036
169.15	-2.14969	-2.19972
168.61	-2.15103	-2.21185
168.05	-2.15441	-2.23218
167.47	-2.14709	-2.2508
166.85	-2.1348	-2.2727
166.21	-2.11468	-2.29098
165.54	-2.08779	-2.29936
164.83	-2.06154	-2.30493
164.09	-2.03652	-2.3102
163.32	-2.01206	-2.31555
162.51	-1.9877	-2.32039
161.66	-1.96334	-2.32405
179.51	-2.23698	-2.22485
179.5	-2.23697	-2.22483
179.48	-2.23693	-2.22478
179.46	-2.23687	-2.22471
179.43	-2.23679	-2.22462
179.4	-2.23668	-2.2245
179.35	-2.11148	-2.09854
179.3	-2.14281	-2.12967
179.24	-2.23613	-2.22389
179.18	-2.23583	-2.22358
179.1	-2.23549	-2.22322
179.02	-2.23511	-2.22282
178.93	-2.23465	-2.22234
178.83	-2.23409	-2.22176
178.73	-2.23345	-2.22111
178.62	-2.23272	-2.22037
178.5	-2.23186	-2.2195
178.37	-2.23089	-2.21854
178.24	-2.22977	-2.21743
178.1	-2.22853	-2.21622
177.95	-2.22712	-2.21484
177.79	-2.22552	-2.21328
177.63	-2.22377	-2.21159
177.46	-2.22181	-2.2097
177.28	-2.12907	-2.10093
177.09	-2.1293	-2.09976
176.89	-2.13518	-2.10391
176.68	-2.21159	-2.19988
176.47	-2.13595	-2.1001
176.24	-2.13635	-2.09949
176.01	-2.13909	-2.10019
175.76	-2.13973	-2.09967
175.51	-2.14021	-2.09798
175.24	-2.14173	-2.09878
174.96	-2.14261	-2.09882
174.67	-2.14186	-2.09586
174.37	-2.14159	-2.09424
174.06	-2.14114	-2.09282
173.73	-2.14041	-2.09146
173.39	-2.13939	-2.09022
173.03	-2.13796	-2.08897
172.66	-2.13619	-2.08782
172.28	-2.13403	-2.08678
171.87	-2.13143	-2.08584
171.45	-2.12836	-2.08495
171.02	-2.12482	-2.08416
170.56	-2.1207	-2.08331
170.08	-2.11606	-2.08249
169.58	-2.15016	-2.17194
169.06	-2.10605	-2.08265
168.52	-2.1023	-2.08737
167.95	-2.10121	-2.10134
167.35	-2.10438	-2.13772
166.73	-2.12542	-2.27245
166.08	-2.10078	-2.28412
165.4	-2.07574	-2.2894
164.69	-2.05197	-2.29374
163.94	-2.02875	-2.29834
163.16	-2.0056	-2.30275
162.34	-1.98234	-2.30636
161.48	-1.95891	-2.30874
179.52	-2.23699	-2.22485
179.51	-2.23694	-2.2248
179.5	-2.2369	-2.22475
179.49	-2.23684	-2.22467
179.46	-2.23676	-2.22458
179.43	-2.23663	-2.22444
179.39	-2.10797	-2.0951
179.35	-2.10865	-2.09558
179.29	-2.23605	-2.2238
179.23	-2.23576	-2.22349
179.15	-2.23543	-2.22314
179.07	-2.23502	-2.22271
178.98	-2.23453	-2.22221
178.89	-2.23399	-2.22165
178.78	-2.23334	-2.22098
178.67	-2.2326	-2.22024
178.55	-2.23173	-2.21937
178.43	-2.23076	-2.2184
178.29	-2.22962	-2.21728
178.15	-2.22837	-2.21605
178	-2.22694	-2.21465
177.85	-2.22536	-2.21312
177.68	-2.22359	-2.21141
177.51	-2.22158	-2.20945
177.33	-2.12706	-2.09856
177.14	-2.13016	-2.1
176.94	-2.2143	-2.20247
176.74	-2.21134	-2.19964
176.52	-2.13542	-2.10026
176.3	-2.13533	-2.09835
176.06	-2.13832	-2.09958
175.82	-2.1409	-2.10116
175.56	-2.15198	-2.11564
175.29	-2.14178	-2.09894
175.02	-2.14278	-2.09934
174.73	-2.14174	-2.09586
174.42	-2.14141	-2.09415
174.11	-2.14096	-2.09272
173.78	-2.14023	-2.09138
173.44	-2.13914	-2.09004
173.08	-2.13769	-2.08879
172.71	-2.13592	-2.08765
172.33	-2.13374	-2.08661
171.92	-2.13113	-2.08565
171.5	-2.12806	-2.08481
171.06	-2.12446	-2.08395
170.61	-2.12034	-2.0831
170.13	-2.11571	-2.0823
169.63	-2.13981	-2.1647
169.11	-2.10578	-2.08263
168.57	-2.10217	-2.08771
168	-2.10132	-2.1024
167.4	-2.10626	-2.1459
166.78	-2.12432	-2.27374
166.13	-2.09961	-2.28537
165.45	-2.07469	-2.29058
164.73	-2.05105	-2.29488
163.99	-2.02792	-2.29951
163.2	-2.00482	-2.3039
162.38	-1.98165	-2.30741
161.52	-1.95825	-2.30981
179.51	-2.23694	-2.22478
179.51	-2.23689	-2.22472
179.51	-2.23685	-2.22467
179.5	-2.23678	-2.22459
179.49	-2.23668	-2.22448
179.46	-2.23654	-2.22433
179.43	-2.23639	-2.22416
179.39	-2.113	-2.09995
179.34	-2.23595	-2.22369
179.27	-2.23565	-2.22337
179.21	-2.10946	-2.0954
179.13	-2.23489	-2.22256
179.04	-2.2344	-2.22206
178.94	-2.23386	-2.2215
178.84	-2.2332	-2.22083
178.73	-2.23241	-2.22003
178.61	-2.23155	-2.21916
178.49	-2.23056	-2.21819
178.35	-2.22943	-2.21707
178.21	-2.22817	-2.21584
178.06	-2.22674	-2.21444
177.91	-2.22513	-2.21288
177.74	-2.22334	-2.21114
177.57	-2.22137	-2.20923
177.39	-2.21917	-2.20711
177.2	-2.21671	-2.20475
177	-2.13251	-2.10127
176.79	-2.21106	-2.19935
176.58	-2.13705	-2.10213
176.35	-2.1371	-2.10066
176.12	-2.13908	-2.10052
175.87	-2.1407	-2.10074
175.62	-2.1415	-2.10044
175.35	-2.14224	-2.09994
175.07	-2.14274	-2.09946
174.78	-2.14159	-2.09582
174.48	-2.14123	-2.09407
174.17	-2.14075	-2.09261
173.84	-2.13996	-2.09121
173.5	-2.13888	-2.0899
173.14	-2.13744	-2.08866
172.77	-2.13562	-2.08749
172.38	-2.13339	-2.08639
171.98	-2.13077	-2.08545
171.56	-2.12768	-2.08456
171.12	-2.12405	-2.08369
170.66	-2.11996	-2.08291
170.18	-2.1153	-2.0821
169.68	-2.11027	-2.0816
169.16	-2.10548	-2.08267
168.62	-2.10204	-2.08814
168.05	-2.10141	-2.10358
167.45	-2.10578	-2.14513
166.83	-2.12311	-2.27512
166.18	-2.09836	-2.28673
165.5	-2.07359	-2.29186
164.79	-2.05005	-2.29609
164.04	-2.02703	-2.3007
163.26	-2.004	-2.30504
162.44	-1.98089	-2.30854
161.58	-1.95757	-2.31088
179.49	-2.23688	-2.22469
179.5	-2.23684	-2.22465
179.51	-2.23678	-2.22458
179.51	-2.2367	-2.22449
179.5	-2.23661	-2.22439
179.49	-2.23646	-2.22422
179.46	-2.23631	-2.22405
179.43	-2.23609	-2.22382
179.38	-2.23585	-2.22356
179.32	-2.11051	-2.09689
179.26	-2.1103	-2.09626
179.18	-2.23477	-2.22242
179.1	-2.23426	-2.22189
179	-2.2337	-2.22132
178.9	-2.23302	-2.22062
178.79	-2.23225	-2.21985
178.67	-2.23139	-2.21898
178.55	-2.23037	-2.21796
178.42	-2.22923	-2.21684
178.27	-2.22794	-2.21558
178.13	-2.22649	-2.21415
177.97	-2.22488	-2.21259
177.8	-2.22306	-2.21083
177.63	-2.22109	-2.20893
177.45	-2.21887	-2.20679
177.26	-2.13134	-2.10203
177.06	-2.21372	-2.20174
176.86	-2.21076	-2.19904
176.64	-2.2075	-2.19591
176.41	-2.20394	-2.1925
176.18	-2.13801	-2.09962
175.93	-2.13934	-2.09913
175.68	-2.14225	-2.10181
175.41	-2.14098	-2.09777
175.13	-2.14232	-2.09885
174.84	-2.14143	-2.09585
174.54	-2.14098	-2.09395
174.23	-2.14044	-2.09241
173.9	-2.13965	-2.09101
173.56	-2.13853	-2.08968
173.2	-2.13708	-2.08844
172.83	-2.13523	-2.08725
172.44	-2.133	-2.08617
172.04	-2.13033	-2.08517
171.62	-2.12724	-2.08432
171.18	-2.12361	-2.08345
170.72	-2.11946	-2.0826
170.24	-2.11483	-2.08184
169.74	-2.10986	-2.08146
169.22	-2.10512	-2.08264
168.68	-2.1019	-2.08864
168.11	-2.10158	-2.10508
167.51	-2.11202	-2.16657
166.89	-2.12181	-2.27666
166.24	-2.09702	-2.2882
165.56	-2.07238	-2.29316
164.85	-2.049	-2.29739
164.1	-2.02607	-2.30188
163.31	-2.00315	-2.30619
162.49	-1.98011	-2.30968
161.63	-1.95687	-2.31205
179.47	-2.23681	-2.22459
179.48	-2.23676	-2.22453
179.49	-2.2367	-2.22447
179.5	-2.2366	-2.22435
179.51	-2.23651	-2.22425
179.5	-2.23636	-2.22409
179.48	-2.23618	-2.22389
179.46	-2.23595	-2.22364
179.42	-2.23571	-2.22338
179.37	-2.23541	-2.22306
179.31	-2.23503	-2.22266
179.24	-2.23459	-2.2222
179.16	-2.2341	-2.22169
179.07	-2.23349	-2.22108
178.97	-2.23284	-2.22041
178.86	-2.23205	-2.21961
178.74	-2.23113	-2.21869
178.61	-2.23012	-2.21768
178.48	-2.22899	-2.21657
178.34	-2.2277	-2.2153
178.19	-2.22624	-2.21388
178.04	-2.2246	-2.21228
177.87	-2.12585	-2.09995
177.7	-2.22076	-2.20857
177.52	-2.12707	-2.09909
177.33	-2.13201	-2.10263
177.13	-2.21339	-2.20151
176.92	-2.21039	-2.19863
176.71	-2.13596	-2.10067
176.48	-2.20357	-2.1921
176.25	-2.13796	-2.09965
176	-2.13966	-2.09979
175.74	-2.13989	-2.09788
175.48	-2.1405	-2.09708
175.2	-2.14185	-2.09823
174.91	-2.14125	-2.09591
174.61	-2.14074	-2.09387
174.29	-2.14017	-2.0923
173.96	-2.13934	-2.09087
173.62	-2.13818	-2.0895
173.27	-2.1367	-2.08823
172.89	-2.1348	-2.08699
172.51	-2.13258	-2.08595
172.1	-2.12988	-2.08493
171.68	-2.12674	-2.08404
171.24	-2.12313	-2.08323
170.78	-2.11897	-2.08238
170.31	-2.11429	-2.08154
169.81	-2.10935	-2.08125
169.29	-2.10473	-2.08269
168.74	-2.10176	-2.0893
168.17	-2.10176	-2.10686
167.58	-2.10945	-2.16034
166.95	-2.12039	-2.27828
166.3	-2.09559	-2.28978
165.62	-2.07111	-2.29455
164.91	-2.04788	-2.2987
164.16	-2.02504	-2.30314
163.38	-2.00221	-2.3075
162.56	-1.97928	-2.31091
161.7	-1.95611	-2.31321
179.5	-2.22489	-2.23701
179.72	-2.22479	-2.23666
179.62	-2.22417	-2.23589
179.34	-2.22302	-2.23469
179.02	-2.22134	-2.23306
178.69	-2.21911	-2.23097
178.35	-2.21641	-2.2285
178	-2.21319	-2.2256
177.66	-2.20949	-2.2223
177.31	-2.20528	-2.21862
176.96	-2.20059	-2.21452
176.6	-2.19543	-2.21006
176.24	-2.1045	-2.09521
175.88	-2.18374	-2.19997
175.52	-2.17724	-2.19436
175.15	-2.17025	-2.18827
174.78	-2.16283	-2.1817
174.4	-2.12425	-2.1207
174.02	-2.11027	-2.0945
173.63	-2.11133	-2.1019
173.24	-2.11128	-2.09416
172.84	-2.11162	-2.09477
172.44	-2.11165	-2.09539
172.03	-2.11133	-2.09597
171.62	-2.11064	-2.09645
171.2	-2.10948	-2.0967
170.77	-2.10791	-2.09673
170.34	-2.10591	-2.09655
169.9	-2.10349	-2.09609
169.45	-2.10067	-2.09545
169	-2.09757	-2.09475
168.53	-2.09669	-2.12767
168.06	-2.09058	-2.09374
167.58	-2.0868	-2.0943
167.09	-2.08351	-2.10422
166.6	-2.10708	-2.2013
166.09	-2.09718	-2.21407
165.57	-2.08404	-2.22325
165.05	-2.06955	-2.22498
164.51	-2.0558	-2.22333
163.96	-2.04299	-2.22078
163.41	-2.03086	-2.21833
162.84	-2.01921	-2.21637
162.26	-2.00787	-2.21559
161.67	-1.9967	-2.21699
161.06	-1.98558	-2.22233
160.45	-1.97445	-2.2338
159.82	-1.92031	-2.54398
159.18	-1.9117	-2.53818
158.53	-1.90254	-2.53139
157.86	-1.89279	-2.52361
157.18	-1.88234	-2.51508
156.48	-1.87122	-2.50598
155.77	-1.85936	-2.4966
155.05	-1.84669	-2.48658
154.31	-1.8333	-2.47538
153.56	-1.81982	-2.46501
152.8	-1.80663	-2.45843
152.01	-1.79335	-2.45588
151.22	-1.77926	-2.45421
150.4	-1.76422	-2.45339
179.72	-2.23666	-2.22479
179.5	-2.23599	-2.22442
179.2	-2.23477	-2.2236
178.87	-2.23303	-2.22233
178.54	-2.23076	-2.22059
178.2	-2.228	-2.21845
177.86	-2.22474	-2.21591
177.52	-2.22097	-2.21292
177.18	-2.10625	-2.09176
176.83	-2.21201	-2.20578
176.48	-2.20687	-2.20168
176.12	-2.20121	-2.19716
175.77	-2.1951	-2.19225
175.41	-2.18859	-2.18702
175.04	-2.1816	-2.18136
174.67	-2.17418	-2.17527
174.3	-2.16636	-2.16876
173.93	-2.15807	-2.16168
173.55	-2.14943	-2.15405
173.16	-2.11415	-2.08786
172.77	-2.11474	-2.08546
172.37	-2.11515	-2.08509
171.97	-2.11529	-2.08504
171.57	-2.11503	-2.08496
171.15	-2.11437	-2.08482
170.73	-2.11326	-2.08444
170.31	-2.11172	-2.08394
169.87	-2.10975	-2.08322
169.43	-2.10738	-2.08236
168.99	-2.10467	-2.08147
168.53	-2.13689	-2.15497
168.07	-2.13935	-2.16337
167.6	-2.13809	-2.17095
167.12	-2.09335	-2.08674
166.63	-2.12715	-2.18823
166.13	-2.11837	-2.19974
165.62	-2.10668	-2.21021
165.11	-2.09231	-2.21402
164.58	-2.07791	-2.21368
164.05	-2.06435	-2.21203
163.5	-2.05162	-2.21015
162.94	-2.03946	-2.20851
162.37	-2.0277	-2.20756
161.79	-2.01619	-2.20786
161.2	-2.00482	-2.21056
160.59	-1.9935	-2.21723
159.98	-1.98204	-2.23004
159.35	-1.9258	-2.53249
158.71	-1.91642	-2.52688
158.05	-1.9065	-2.52035
157.38	-1.89602	-2.5129
156.7	-1.88496	-2.50466
156.01	-1.87324	-2.49573
155.3	-1.86076	-2.4857
154.58	-1.84755	-2.47367
153.84	-1.83415	-2.46153
153.08	-1.82096	-2.45259
152.32	-1.80793	-2.4488
151.53	-1.79442	-2.4472
150.74	-1.78008	-2.44547
149.92	-1.76506	-2.44505
179.62	-2.23589	-2.22417
179.72	-2.23505	-2.22364
179.5	-2.23365	-2.22264
179.2	-2.23176	-2.22122
178.87	-2.22938	-2.21938
178.54	-2.22648	-2.21711
178.2	-2.2231	-2.21445
177.86	-2.10559	-2.09317
177.51	-2.10608	-2.09229
177.16	-2.21006	-2.20406
176.81	-2.2048	-2.19987
176.46	-2.19909	-2.19531
176.1	-2.19291	-2.19037
175.74	-2.18631	-2.1851
175.38	-2.17928	-2.17943
175.01	-2.17184	-2.17338
174.64	-2.16392	-2.16682
174.26	-2.1556	-2.15975
173.88	-2.11255	-2.0855
173.49	-2.11278	-2.09072
173.1	-2.11113	-2.08582
172.7	-2.1117	-2.08414
172.3	-2.11174	-2.0837
171.89	-2.11147	-2.08348
171.48	-2.11076	-2.08319
171.06	-2.10969	-2.08282
170.63	-2.10818	-2.08227
170.2	-2.10627	-2.08155
169.76	-2.10401	-2.08079
169.31	-2.10149	-2.0801
168.85	-2.13716	-2.16016
168.39	-2.13838	-2.1682
167.91	-2.1363	-2.17576
167.43	-2.13144	-2.18381
166.94	-2.12438	-2.19354
166.44	-2.11525	-2.20573
165.94	-2.10312	-2.21688
165.42	-2.08859	-2.22076
164.89	-2.07438	-2.22045
164.35	-2.06109	-2.21875
163.8	-2.04861	-2.21682
163.24	-2.0367	-2.21524
162.67	-2.02513	-2.2142
162.09	-2.01376	-2.21446
161.5	-2.00252	-2.217
160.89	-1.94102	-2.54234
160.27	-1.93256	-2.53829
159.64	-1.92365	-2.53338
159	-1.91425	-2.52756
158.34	-1.90432	-2.5208
157.67	-1.89381	-2.51318
156.99	-1.88274	-2.50476
156.29	-1.87102	-2.49561
155.58	-1.85853	-2.48517
154.86	-1.84539	-2.47268
154.12	-1.83214	-2.4603
153.36	-1.81909	-2.45125
152.59	-1.80612	-2.44735
151.81	-1.7927	-2.44585
151.01	-1.77849	-2.44433
150.2	-1.76363	-2.44406
179.34	-2.23469	-2.22302
179.62	-2.23368	-2.22233
179.71	-2.23215	-2.22119
179.5	-2.23011	-2.21963
179.2	-2.22757	-2.21763
178.87	-2.22454	-2.21524
178.53	-2.10424	-2.09423
178.19	-2.10189	-2.09111
177.85	-2.15072	-2.13996
177.5	-2.10483	-2.09088
177.15	-2.20242	-2.19762
176.8	-2.19663	-2.19302
176.44	-2.1904	-2.18806
176.08	-2.18374	-2.18275
175.71	-2.17666	-2.17708
175.34	-2.16914	-2.17099
174.97	-2.1612	-2.16445
174.59	-2.15278	-2.15733
174.21	-2.14404	-2.14967
173.82	-2.11214	-2.09118
173.43	-2.10911	-2.09195
173.04	-2.10596	-2.08892
172.63	-2.10792	-2.08273
172.22	-2.10762	-2.08222
171.81	-2.10689	-2.08178
171.39	-2.10578	-2.08125
170.96	-2.10428	-2.08062
170.52	-2.10248	-2.07995
170.08	-2.10035	-2.07928
169.63	-2.09805	-2.079
169.17	-2.13711	-2.16508
168.71	-2.13727	-2.1729
168.23	-2.13439	-2.18047
167.75	-2.12898	-2.18872
167.26	-2.12148	-2.19883
166.76	-2.11195	-2.21192
166.25	-2.0992	-2.22362
165.73	-2.08455	-2.22735
165.2	-2.0706	-2.22691
164.66	-2.05763	-2.22519
164.11	-2.04543	-2.22332
163.55	-2.03374	-2.22169
162.98	-2.02239	-2.22069
162.4	-2.01121	-2.2208
161.8	-2.00006	-2.2232
161.19	-1.98884	-2.2294
160.57	-1.93043	-2.53898
159.94	-1.9215	-2.53387
159.3	-1.91207	-2.52785
158.64	-1.90211	-2.52091
157.97	-1.89159	-2.51311
157.28	-1.88051	-2.50452
156.58	-1.86877	-2.49513
155.87	-1.85629	-2.48423
155.14	-1.84327	-2.47131
154.4	-1.83018	-2.45882
153.65	-1.81726	-2.44965
152.88	-1.80437	-2.44555
152.09	-1.79102	-2.44403
151.29	-1.77694	-2.44269
150.47	-1.76223	-2.44255
179.02	-2.23306	-2.22134
179.34	-2.2319	-2.22049
179.61	-2.23142	-2.22444
179.71	-2.22803	-2.21749
179.5	-2.22537	-2.21539
179.2	-2.22223	-2.21288
178.87	-2.10107	-2.09279
178.53	-2.10258	-2.0929
178.19	-2.10122	-2.09028
177.84	-2.20509	-2.19921
177.49	-2.19971	-2.19493
177.14	-2.19387	-2.1903
176.78	-2.18759	-2.18533
176.42	-2.18088	-2.18
176.05	-2.17371	-2.17427
175.68	-2.16613	-2.16816
175.31	-2.15813	-2.16159
174.93	-2.14967	-2.15446
174.55	-2.14091	-2.14681
174.16	-2.13172	-2.13834
173.77	-2.10614	-2.08544
173.37	-2.10369	-2.0883
172.97	-2.10382	-2.08228
172.56	-2.10348	-2.0812
172.14	-2.10271	-2.08046
171.72	-2.10162	-2.07982
171.29	-2.10017	-2.07914
170.85	-2.09845	-2.07853
170.41	-2.09649	-2.07818
169.96	-2.13453	-2.16123
169.5	-2.13681	-2.16972
169.03	-2.13603	-2.17746
168.56	-2.13242	-2.18512
168.07	-2.12642	-2.19359
167.58	-2.11848	-2.20423
167.08	-2.10843	-2.21847
166.57	-2.09491	-2.23054
166.05	-2.08022	-2.2338
165.52	-2.06659	-2.2332
164.98	-2.05397	-2.23145
164.43	-2.04208	-2.22957
163.86	-2.03064	-2.22792
163.29	-2.01951	-2.22683
162.71	-1.95268	-2.55006
162.11	-1.9975	-2.22901
161.5	-1.98633	-2.23496
160.88	-1.97461	-2.2475
160.24	-1.91932	-2.53398
159.6	-1.90987	-2.52779
158.94	-1.8999	-2.52068
158.27	-1.88937	-2.5127
157.58	-1.87827	-2.50392
156.88	-1.86653	-2.49426
156.16	-1.85407	-2.48285
155.44	-1.84118	-2.46965
154.69	-1.82828	-2.4571
153.93	-1.8155	-2.44783
153.16	-1.80266	-2.44341
152.37	-1.78939	-2.44174
151.57	-1.77544	-2.4405
150.75	-1.76088	-2.44045
178.69	-2.23097	-2.21911
179.01	-2.22969	-2.21814
179.33	-2.22788	-2.21672
179.61	-2.22558	-2.21489
179.71	-2.22279	-2.21266
179.5	-2.21955	-2.21005
179.19	-2.21586	-2.2071
178.86	-2.39189	-2.32463
178.52	-2.09739	-2.08898
178.18	-2.09968	-2.0889
177.83	-2.1967	-2.19183
177.48	-2.19079	-2.18716
177.12	-2.18449	-2.1822
176.76	-2.17773	-2.17685
176.39	-2.17053	-2.17113
176.02	-2.16285	-2.16494
175.65	-2.15477	-2.15831
175.27	-2.14626	-2.15115
174.89	-2.13734	-2.14333
174.5	-2.12808	-2.13476
174.1	-2.11831	-2.12484
173.71	-2.10775	-2.11176
173.3	-2.09812	-2.0864
172.89	-2.09924	-2.08065
172.47	-2.09838	-2.07947
172.05	-2.09726	-2.07865
171.62	-2.09585	-2.07799
171.18	-2.09425	-2.07762
170.74	-2.09256	-2.07815
170.29	-2.13516	-2.16594
169.83	-2.13637	-2.17422
169.36	-2.13466	-2.18192
168.88	-2.13032	-2.18971
168.4	-2.12375	-2.19849
167.91	-2.11532	-2.2099
167.4	-2.10456	-2.22561
166.89	-2.09017	-2.23761
166.37	-2.07562	-2.24019
165.84	-2.06239	-2.23932
165.29	-2.05014	-2.2375
164.74	-2.03854	-2.23561
164.18	-2.02737	-2.23393
163.6	-2.01645	-2.2328
163.02	-2.00566	-2.23262
162.42	-1.99481	-2.23458
161.81	-1.98373	-2.24022
161.19	-1.97196	-2.2525
160.55	-1.95859	-2.27948
159.9	-1.90767	-2.5274
159.24	-1.89767	-2.52014
158.57	-1.88712	-2.512
157.88	-1.87602	-2.50304
157.18	-1.86427	-2.49301
156.46	-1.85188	-2.4811
155.73	-1.83916	-2.46776
154.99	-1.82644	-2.45522
154.23	-1.81378	-2.44584
153.45	-1.80102	-2.44102
152.66	-1.78783	-2.43902
151.86	-1.77401	-2.43775
151.04	-1.75958	-2.43775
178.35	-2.2285	-2.21641
178.68	-2.22705	-2.21527
179	-2.09986	-2.09689
179.32	-2.22272	-2.2118
179.6	-2.21986	-2.20949
179.71	-2.21655	-2.20682
179.5	-2.21276	-2.20377
179.19	-2.20855	-2.2004
178.86	-2.09941	-2.09185
178.52	-2.19885	-2.19267
178.17	-2.10136	-2.08986
177.82	-2.10207	-2.08847
177.46	-2.18109	-2.17866
177.1	-2.17424	-2.17324
176.73	-2.16701	-2.16751
176.36	-2.15925	-2.16127
175.99	-2.1511	-2.15459
175.61	-2.1425	-2.14734
175.23	-2.1335	-2.13944
174.84	-2.12404	-2.13057
174.44	-2.11405	-2.12014
174.04	-2.10352	-2.10631
173.64	-2.09579	-2.08558
173.23	-2.09503	-2.08065
172.81	-2.09407	-2.07902
172.39	-2.09286	-2.078
171.95	-2.09151	-2.07754
171.52	-2.09015	-2.07804
171.07	-2.13261	-2.16143
170.62	-2.1356	-2.17047
170.16	-2.13578	-2.17859
169.69	-2.13317	-2.18626
169.21	-2.12811	-2.19425
168.73	-2.12097	-2.20351
168.23	-2.11198	-2.2159
167.73	-2.10019	-2.23376
167.22	-2.08496	-2.24476
166.69	-2.0708	-2.24642
166.16	-2.05804	-2.24521
165.62	-2.04615	-2.24331
165.06	-2.03486	-2.24144
164.5	-2.02395	-2.23977
163.92	-2.01327	-2.23854
163.33	-2.00266	-2.23824
162.73	-1.992	-2.23989
162.12	-1.981	-2.24523
161.5	-1.96926	-2.25711
160.86	-1.91494	-2.53319
160.21	-1.90545	-2.5267
159.55	-1.89542	-2.5193
158.87	-1.88487	-2.511
158.18	-1.87375	-2.50178
157.48	-1.86201	-2.49137
156.76	-1.84971	-2.47907
156.03	-1.83718	-2.46571
155.28	-1.82466	-2.45325
154.52	-1.81213	-2.44374
153.75	-1.79945	-2.43839
152.96	-1.78635	-2.4359
152.15	-1.77265	-2.43446
151.33	-1.75836	-2.43439
179.5	-2.22489	-2.23701
179.44	-2.22332	-2.23486
178.51	-2.21755	-2.22926
177.56	-2.20803	-2.22053
176.6	-2.19503	-2.20901
175.65	-2.10395	-2.09055
174.71	-2.15999	-2.17831
173.76	-2.10195	-2.08807
172.83	-2.09949	-2.0937
171.9	-2.0905	-2.08721
170.97	-2.08262	-2.08629
170.06	-2.07483	-2.08811
169.15	-2.12807	-2.2307
168.25	-2.11986	-2.27106
167.36	-2.09776	-2.32011
166.48	-2.05958	-2.3335
165.61	-2.02527	-2.33638
164.75	-1.99493	-2.34028
163.91	-1.96729	-2.34365
163.07	-1.94196	-2.34516
162.25	-1.91831	-2.34503
161.44	-1.89587	-2.34375
160.65	-1.87404	-2.34176
159.86	-1.85246	-2.33925
159.09	-1.83083	-2.3365
158.34	-1.80901	-2.33388
157.6	-1.78705	-2.33199
156.87	-1.76521	-2.33153
156.16	-1.74377	-2.33294
155.46	-1.72296	-2.33648
154.77	-1.70421	-2.34476
154.1	-1.70084	-2.38163
153.45	-1.67013	-2.36341
152.81	-1.63698	-2.34176
152.18	-1.6083	-2.33199
151.57	-1.57104	-2.27391
150.97	-1.55288	-2.3252
150.39	-1.52574	-2.31551
149.82	-1.4981	-2.28688
149.27	-1.46365	-2.27524
148.72	-1.46694	-2.30042
148.2	-1.45466	-2.31153
147.68	-1.44187	-2.32088
147.18	-1.42943	-2.32977
146.7	-1.41743	-2.33821
146.23	-1.40581	-2.34606
145.77	-1.59269	-2.35364
145.32	-1.38244	-2.36023
144.89	-1.3695	-2.36662
144.47	-1.35567	-2.37261
144.06	-1.34116	-2.37818
143.66	-1.32642	-2.3834
143.28	-1.31149	-2.38824
142.91	-1.29638	-2.3927
142.55	-1.28145	-2.3968
142.2	-1.26643	-2.40048
141.87	-1.26643	-2.40048
141.54	-1.39895	-2.32541
141.23	-1.22185	-2.40857
140.93	-1.2071	-2.41011
140.64	-1.19243	-2.41099
179.44	-2.23486	-2.22332
179.5	-2.23066	-2.22034
178.58	-2.22255	-2.21417
177.63	-2.21085	-2.20518
176.67	-2.19598	-2.19387
175.72	-2.17814	-2.18051
174.78	-2.15736	-2.16491
173.83	-2.13337	-2.14592
172.9	-2.10555	-2.11801
171.96	-2.08611	-2.0927
171.04	-2.11355	-2.16077
170.12	-2.13903	-2.20579
169.22	-2.14136	-2.24065
168.32	-2.12906	-2.28047
167.43	-2.1024	-2.32335
166.55	-2.06418	-2.3305
165.68	-2.03036	-2.33542
164.83	-1.99974	-2.34104
163.98	-1.97189	-2.3454
163.15	-1.94641	-2.34794
162.33	-1.92271	-2.34892
161.52	-1.90026	-2.34898
160.73	-1.8785	-2.34835
159.95	-1.85716	-2.34754
159.18	-1.83592	-2.34675
158.42	-1.81471	-2.34626
157.68	-1.79352	-2.34649
156.96	-1.77246	-2.34779
156.25	-1.75178	-2.35056
155.55	-1.73204	-2.35578
154.87	-1.71835	-2.3721
154.2	-1.70109	-2.37912
153.55	-1.671	-2.36394
152.91	-1.63948	-2.34721
152.29	-1.61023	-2.3364
151.68	-1.66533	-2.21149
151.08	-1.55479	-2.32368
150.5	-1.52916	-2.31259
149.93	-1.50476	-2.2871
149.38	-1.47211	-2.27457
148.84	-1.46813	-2.29357
148.32	-1.45682	-2.3067
147.81	-1.44421	-2.31685
147.31	-1.43191	-2.32638
146.83	-1.42009	-2.3354
146.36	-1.42009	-2.3354
145.9	-1.39794	-2.35172
145.46	-1.38709	-2.35911
145.03	-1.48961	-2.22635
144.61	-1.36332	-2.3726
144.2	-1.23249	-2.27129
143.81	-1.33601	-2.38428
143.43	-1.32158	-2.38944
143.06	-1.30686	-2.39413
142.7	-1.29193	-2.39834
142.36	-1.27685	-2.40202
142.03	-1.2616	-2.40511
141.7	-1.24629	-2.40758
141.39	-1.23093	-2.40935
141.1	-1.21537	-2.4103
140.81	-1.31678	-2.35512
178.51	-2.22926	-2.21755
179.44	-2.22395	-2.21347
179.5	-2.21498	-2.20647
178.58	-2.20271	-2.19699
177.63	-2.18741	-2.18544
176.68	-2.16912	-2.17195
175.73	-2.14771	-2.15611
174.79	-2.12297	-2.13677
173.85	-2.09649	-2.11173
172.92	-2.08054	-2.09727
172	-2.0774	-2.10665
171.08	-2.14186	-2.22047
170.18	-2.13626	-2.25409
169.28	-2.12115	-2.30548
168.39	-2.08555	-2.33504
167.51	-2.05133	-2.33881
166.64	-2.02026	-2.3435
165.79	-1.99174	-2.3485
164.94	-1.96575	-2.35194
164.11	-1.94187	-2.35372
163.29	-1.91954	-2.35443
162.48	-1.8982	-2.35427
161.69	-1.8774	-2.35365
160.9	-1.8569	-2.35281
160.14	-1.83638	-2.352
159.38	-1.81571	-2.3514
158.64	-1.79503	-2.35132
157.92	-1.77435	-2.35218
157.21	-1.75388	-2.35442
156.51	-1.73442	-2.35921
155.83	-1.72002	-2.37381
155.16	-1.70162	-2.378
154.51	-1.67281	-2.36295
153.87	-1.64222	-2.34591
153.25	-1.636	-2.29002
152.64	-1.59396	-2.32328
152.04	-1.5779	-2.21565
151.46	-1.53938	-2.22181
150.89	-1.50882	-2.28027
150.34	-1.47908	-2.26497
149.8	-1.43861	-2.25312
149.28	-1.45327	-2.29215
148.77	-1.44013	-2.30406
148.27	-1.42666	-2.31467
147.79	-1.41356	-2.32463
147.32	-1.40074	-2.33388
146.86	-1.3883	-2.34235
146.42	-1.37623	-2.35013
145.99	-1.36443	-2.35732
145.57	-1.55741	-2.27504
145.16	-1.34102	-2.37047
144.77	-1.32892	-2.37658
144.39	-1.31636	-2.3824
144.02	-1.30339	-2.38789
143.66	-1.29016	-2.39301
143.32	-1.27664	-2.39769
142.99	-1.26307	-2.40192
142.66	-1.24936	-2.40561
142.35	-1.23552	-2.40872
142.05	-1.22169	-2.41118
141.77	-1.4217	-2.30532
177.56	-2.22053	-2.20803
178.51	-2.21444	-2.20311
179.44	-2.09276	-2.09481
179.5	-2.19233	-2.18579
178.58	-2.17674	-2.1741
177.64	-2.15792	-2.16032
176.69	-2.13572	-2.14396
175.75	-2.1101	-2.12383
174.81	-2.08743	-2.10453
173.88	-2.07812	-2.10324
172.96	-2.14142	-2.20121
172.04	-2.14295	-2.23281
171.13	-2.13132	-2.26661
170.24	-2.10719	-2.33237
169.35	-2.07248	-2.33889
168.47	-2.04148	-2.34208
167.6	-2.01253	-2.34702
166.74	-1.98594	-2.35135
165.9	-1.96167	-2.35412
165.07	-1.93923	-2.35555
164.25	-1.9181	-2.35612
163.44	-1.89778	-2.35598
162.64	-1.87788	-2.35547
161.86	-1.85801	-2.35476
161.09	-1.83807	-2.35395
160.34	-1.81793	-2.35326
159.6	-1.7976	-2.35296
158.88	-1.77716	-2.35342
158.17	-1.75686	-2.3551
157.47	-1.73757	-2.35963
156.79	-1.72268	-2.37336
156.12	-1.70355	-2.37511
155.47	-1.67572	-2.35943
154.83	-1.64585	-2.34132
154.2	-1.61714	-2.32736
153.59	-1.62006	-2.27188
153	-1.56202	-2.30576
152.42	-1.53606	-2.29305
151.85	-1.51318	-2.27103
151.3	-1.48603	-2.25279
150.76	-1.44833	-2.24317
150.24	-1.42131	-2.2389
149.73	-1.40438	-2.25317
149.23	-1.41877	-2.29989
148.74	-1.40576	-2.31244
148.27	-1.39201	-2.32334
147.82	-1.37827	-2.33305
147.37	-1.58297	-2.25079
146.94	-1.53865	-2.28971
146.52	-1.33791	-2.35619
146.12	-1.32496	-2.36244
145.73	-1.31234	-2.36821
145.35	-1.30002	-2.37364
144.98	-1.28786	-2.3788
144.62	-1.27581	-2.38373
144.28	-1.41772	-2.31075
143.94	-1.25185	-2.39291
143.62	-1.23994	-2.39708
143.31	-1.22793	-2.40086
143.01	-1.21597	-2.40422
142.72	-1.31681	-2.36204
176.6	-2.20901	-2.19503
177.56	-2.09064	-2.09969
178.52	-2.09171	-2.09891
179.45	-2.17982	-2.17155
179.5	-2.27176	-2.08587
178.58	-2.14435	-2.14525
177.64	-2.12103	-2.12787
176.7	-2.09623	-2.10851
175.77	-2.08171	-2.10057
174.84	-2.08399	-2.11496
173.91	-2.07496	-2.11196
173	-2.14277	-2.24259
172.09	-2.12702	-2.28089
171.19	-2.09397	-2.33431
170.3	-2.06311	-2.3376
169.42	-2.03403	-2.3422
168.56	-2.0068	-2.34735
167.7	-1.98191	-2.3512
166.85	-1.95911	-2.35374
166.02	-1.93799	-2.35522
165.2	-1.91792	-2.35592
164.39	-1.89849	-2.35598
163.6	-1.87929	-2.35563
162.82	-1.86009	-2.35497
162.05	-1.84074	-2.35421
161.3	-1.82109	-2.35347
160.56	-1.80121	-2.35295
159.83	-1.78101	-2.35294
159.12	-1.76095	-2.35405
158.42	-1.74171	-2.358
157.74	-1.72603	-2.36967
157.07	-1.70663	-2.36951
156.42	-1.67976	-2.35342
155.78	-1.65035	-2.33376
155.16	-1.6218	-2.31817
154.55	-1.59401	-2.30528
153.95	-1.56685	-2.29353
153.37	-1.54075	-2.28042
152.81	-1.67381	-2.15851
152.25	-1.49324	-2.2391
151.72	-1.45861	-2.23009
151.19	-1.43391	-2.23074
150.68	-1.41872	-2.25086
150.18	-1.40486	-2.27073
149.7	-1.39055	-2.28774
149.23	-1.37626	-2.30341
148.77	-1.36277	-2.31827
148.33	-1.35004	-2.3312
147.9	-1.33637	-2.34122
147.48	-1.32214	-2.34938
147.07	-1.30796	-2.35635
146.68	-1.29395	-2.3624
146.3	-1.28024	-2.36773
145.93	-1.26702	-2.37254
145.58	-1.25434	-2.3769
145.23	-1.24213	-2.38089
144.9	-1.23046	-2.38459
144.58	-1.31594	-2.3253
144.27	-1.38315	-2.29211
143.97	-1.19779	-2.39408
143.68	-1.18747	-2.39669
175.65	-2.09517	-2.10739
176.61	-2.09743	-2.10975
177.57	-2.09446	-2.10668
178.52	-2.16502	-2.15419
179.45	-2.14841	-2.14156
179.5	-2.12777	-2.12613
178.59	-2.10383	-2.10806
177.65	-2.08705	-2.09745
176.72	-2.08454	-2.10423
175.79	-2.15505	-2.19505
174.86	-2.15399	-2.2213
173.95	-2.14177	-2.24998
173.04	-2.11712	-2.32248
172.14	-2.08555	-2.32894
171.25	-2.0562	-2.33443
170.37	-2.02828	-2.34064
169.51	-2.00257	-2.34581
168.65	-1.97918	-2.34946
167.81	-1.95778	-2.35193
166.97	-1.93782	-2.35334
166.15	-1.91885	-2.35402
165.34	-1.96656	-2.19241
164.55	-1.88192	-2.35379
163.77	-1.86335	-2.35319
163	-1.84455	-2.35245
162.25	-1.82539	-2.35161
161.51	-1.80587	-2.35077
160.78	-1.78606	-2.35021
160.07	-1.76616	-2.35036
159.38	-1.74688	-2.35269
158.69	-1.73008	-2.36016
158.03	-1.71085	-2.35918
157.37	-1.68488	-2.34384
156.74	-1.65581	-2.3229
156.11	-1.6273	-2.30571
155.5	-1.59951	-2.2915
154.91	-1.59439	-2.16626
154.33	-1.56771	-2.16768
153.76	-1.52293	-2.24751
153.21	-1.48802	-2.19628
152.67	-1.46916	-2.21439
152.14	-1.44849	-2.2219
151.63	-1.43392	-2.24646
151.14	-1.41815	-2.26586
150.65	-1.40178	-2.28207
150.18	-1.38515	-2.29634
149.72	-1.36821	-2.30889
149.28	-1.35105	-2.31991
148.85	-1.33378	-2.32956
148.43	-1.31653	-2.33803
148.03	-1.29947	-2.34555
147.63	-1.28272	-2.35222
147.25	-1.26644	-2.35817
146.88	-1.25074	-2.3635
146.53	-1.23587	-2.36825
146.18	-1.22174	-2.37246
145.85	-1.20856	-2.37617
145.53	-1.19624	-2.3794
145.22	-1.18487	-2.38225
144.92	-1.17404	-2.3845
144.63	-1.164	-2.38646
174.71	-2.17831	-2.15999
175.67	-2.17145	-2.15351
176.63	-2.1611	-2.1446
177.58	-2.14766	-2.13405
178.53	-2.12936	-2.11945
179.46	-2.10809	-2.10341
179.5	-2.09231	-2.09295
178.59	-2.08758	-2.09466
177.66	-2.09498	-2.11189
176.73	-2.16573	-2.20159
175.81	-2.15792	-2.22554
174.9	-2.14487	-2.30058
173.99	-2.11104	-2.31215
173.09	-2.08039	-2.32051
172.2	-2.05146	-2.32831
171.32	-2.02485	-2.33462
170.45	-2.00087	-2.33888
169.6	-1.97948	-2.34124
168.75	-1.97906	-2.30774
167.92	-2.00625	-2.17149
167.1	-1.98244	-2.19231
166.29	-1.96726	-2.17306
165.5	-1.94374	-2.18951
164.72	-1.91867	-2.21131
163.95	-1.85231	-2.34197
163.2	-1.83302	-2.34189
162.46	-1.8134	-2.34147
161.73	-1.79349	-2.34072
161.02	-1.77342	-2.33996
160.32	-1.75365	-2.34003
159.64	-1.73556	-2.34274
158.97	-1.71635	-2.34148
158.32	-1.69115	-2.32853
157.68	-1.66231	-2.3076
157.06	-1.63368	-2.28918
156.45	-1.6541	-2.14291
155.85	-1.61529	-2.14318
155.27	-1.55226	-2.24775
154.71	-1.52829	-2.23304
154.15	-1.50765	-2.2106
153.62	-1.47982	-2.19579
153.09	-1.46302	-2.21082
152.58	-1.44551	-2.23401
152.08	-1.42764	-2.25278
151.6	-1.40998	-2.26913
151.13	-1.39236	-2.28351
150.67	-1.37462	-2.29602
150.23	-1.3567	-2.30688
149.8	-1.33864	-2.31624
149.38	-1.32056	-2.32439
148.97	-1.48948	-2.22286
148.58	-1.2848	-2.33781
148.2	-1.26731	-2.34335
147.83	-1.25031	-2.34837
147.48	-1.23377	-2.35283
147.13	-1.21791	-2.35685
146.8	-1.41546	-2.2672
146.48	-1.41546	-2.2672
146.17	-1.17483	-2.36632
145.87	-1.16218	-2.36867
145.58	-1.1504	-2.37063
173.76	-2.12587	-2.12481
174.72	-2.15047	-2.13058
175.68	-2.13962	-2.12086
176.64	-2.12452	-2.10845
177.59	-2.10772	-2.09542
178.54	-2.09604	-2.08699
179.46	-2.09298	-2.08731
179.51	-2.09853	-2.09844
178.6	-2.17906	-2.18355
177.67	-2.1754	-2.20266
176.75	-2.16148	-2.22525
175.84	-2.14354	-2.28257
174.93	-2.10992	-2.29422
174.03	-2.07925	-2.303
173.14	-2.0519	-2.30772
172.27	-2.02918	-2.30568
171.4	-2.0416	-2.20412
170.54	-2.04042	-2.14484
169.7	-2.02741	-2.12537
168.86	-2.01091	-2.11808
168.04	-1.99225	-2.1162
167.24	-1.97191	-2.11735
166.44	-1.95038	-2.12152
165.66	-1.92816	-2.13008
164.89	-1.90553	-2.14509
164.14	-1.88187	-2.17079
163.4	-1.84906	-2.24699
162.68	-1.80935	-2.3085
161.96	-1.78629	-2.31332
161.27	-1.76457	-2.31484
160.59	-1.7442	-2.31569
159.92	-1.72386	-2.31451
159.27	-1.6989	-2.3051
158.63	-1.6703	-2.28618
158	-1.64138	-2.26722
157.39	-1.63752	-2.25565
156.8	-1.61482	-2.25247
156.22	-1.57919	-2.23823
155.65	-1.54727	-2.21296
155.1	-1.5207	-2.14871
154.56	-1.49419	-2.17067
154.03	-1.47527	-2.19383
153.52	-1.45539	-2.21553
153.03	-1.43613	-2.23429
152.54	-1.41749	-2.25076
152.07	-1.39883	-2.26525
151.62	-1.36714	-2.16603
151.17	-1.29955	-2.23098
150.74	-1.28694	-2.24113
150.32	-1.32534	-2.3047
149.92	-1.30694	-2.31146
149.53	-1.28874	-2.31738
149.14	-1.27082	-2.32262
148.78	-1.37323	-2.22024
148.42	-1.37323	-2.22024
148.07	-1.40273	-2.29077
147.74	-1.20385	-2.33859
147.42	-1.27021	-2.31632
147.11	-1.17429	-2.34419
146.81	-1.16064	-2.34642
146.52	-1.14783	-2.34833
179.5	-2.22489	-2.23701
179.81	-2.22472	-2.23644
179.51	-2.22357	-2.23504
179.07	-2.22143	-2.23284
178.62	-2.2184	-2.22989
178.17	-2.21447	-2.22617
177.71	-2.2097	-2.22175
177.25	-2.20407	-2.21661
176.78	-2.10445	-2.09537
176.32	-2.10538	-2.09344
175.85	-2.10632	-2.09152
175.38	-2.10699	-2.09023
174.91	-2.10858	-2.0901
174.43	-2.11498	-2.10185
173.95	-2.11176	-2.09918
173.46	-2.10757	-2.09467
172.98	-2.10387	-2.08808
172.48	-2.10186	-2.08712
171.99	-2.09965	-2.08683
171.49	-2.09711	-2.08688
170.98	-2.09422	-2.08713
170.47	-2.09094	-2.08742
169.95	-2.08739	-2.08802
169.42	-2.08389	-2.08971
168.89	-2.08108	-2.09485
168.36	-2.08359	-2.12247
167.81	-2.11829	-2.25632
167.26	-2.10537	-2.28474
166.7	-2.08407	-2.29955
166.14	-2.06237	-2.30191
165.56	-2.04293	-2.30171
164.98	-2.02513	-2.30172
164.38	-2.00837	-2.30196
163.78	-1.99243	-2.30198
163.17	-1.97713	-2.30145
162.54	-1.96235	-2.30033
161.91	-1.94796	-2.29879
161.26	-1.93376	-2.29692
160.6	-1.91967	-2.29494
159.93	-1.90545	-2.29316
159.24	-1.89108	-2.29175
158.55	-1.87624	-2.29113
157.83	-1.86083	-2.29171
157.1	-1.84466	-2.29369
156.36	-1.82751	-2.29731
155.6	-1.80892	-2.30271
154.82	-1.77642	-2.31472
154.03	-1.75678	-2.31716
153.22	-1.7361	-2.32079
152.38	-1.71465	-2.32423
151.53	-1.69408	-2.327
150.66	-1.7532	-2.25219
149.76	-1.72442	-2.34602
148.85	-1.69273	-2.35509
147.91	-1.65717	-2.36378
146.94	-1.61769	-2.36975
145.95	-1.57585	-2.37502
144.94	-1.53242	-2.3793
143.9	-1.48735	-2.38292
142.83	-1.44017	-2.38616
141.73	-1.39037	-2.38905
179.81	-2.23644	-2.22472
179.5	-2.23529	-2.2241
179.07	-2.23315	-2.22265
178.62	-2.23016	-2.22049
178.16	-2.22623	-2.21757
177.71	-2.22144	-2.21396
177.25	-2.21581	-2.20967
176.79	-2.20942	-2.20482
176.33	-2.20219	-2.19934
175.86	-2.19428	-2.19333
175.4	-2.18563	-2.18677
174.93	-2.17621	-2.17962
174.45	-2.16607	-2.17186
173.98	-2.15511	-2.16327
173.5	-2.14337	-2.15375
173.02	-2.11045	-2.10238
172.53	-2.1042	-2.09734
172.04	-2.09883	-2.08959
171.54	-2.09599	-2.08767
171.04	-2.09307	-2.08716
170.53	-2.08988	-2.08714
170.02	-2.08641	-2.08749
169.5	-2.08301	-2.0889
168.98	-2.08047	-2.09366
168.45	-2.08416	-2.11505
167.91	-2.13823	-2.23219
167.37	-2.13095	-2.25452
166.82	-2.11865	-2.28291
166.26	-2.09625	-2.29279
165.69	-2.07437	-2.29519
165.12	-2.05452	-2.29588
164.54	-2.03623	-2.29669
163.94	-2.019	-2.29755
163.34	-2.00262	-2.29815
162.73	-1.98698	-2.29824
162.1	-1.97186	-2.29785
161.47	-1.95713	-2.29722
160.82	-1.94269	-2.29636
160.16	-1.92827	-2.29565
159.49	-1.91381	-2.2952
158.8	-1.8991	-2.29545
158.1	-1.88395	-2.29658
157.39	-1.86821	-2.29885
156.66	-1.85154	-2.30242
155.92	-1.83315	-2.30744
155.16	-1.81088	-2.30413
154.38	-1.79286	-2.30766
153.58	-1.7738	-2.31174
152.77	-1.75396	-2.31605
151.93	-1.73405	-2.32074
151.08	-1.71567	-2.32614
150.21	-1.70004	-2.33186
149.31	-1.73268	-2.35373
148.39	-1.70088	-2.36132
147.45	-1.66573	-2.36902
146.49	-1.62767	-2.37557
145.5	-1.58734	-2.38045
144.48	-1.54531	-2.38403
143.44	-1.50154	-2.3869
142.37	-1.40217	-2.25936
141.27	-1.35828	-2.26698
179.51	-2.23504	-2.22357
179.81	-2.23359	-2.22264
179.5	-2.23122	-2.22096
179.07	-2.22791	-2.2185
178.62	-2.22377	-2.21538
178.16	-2.21874	-2.21155
177.7	-2.21297	-2.20715
177.25	-2.20638	-2.20214
176.78	-2.19903	-2.19657
176.32	-2.19099	-2.19049
175.85	-2.18223	-2.18389
175.38	-2.17271	-2.17673
174.91	-2.16239	-2.16887
174.43	-2.15134	-2.16032
173.95	-2.13946	-2.15075
173.47	-2.12669	-2.13971
172.98	-2.11269	-2.12559
172.49	-2.09633	-2.09724
171.99	-2.0916	-2.08867
171.49	-2.08839	-2.08742
170.99	-2.08509	-2.08729
170.48	-2.08186	-2.08834
169.96	-2.09469	-2.13438
169.43	-2.08307	-2.11549
168.9	-2.13957	-2.22158
168.37	-2.13429	-2.23969
167.82	-2.12595	-2.26462
167.27	-2.11037	-2.29431
166.71	-2.08786	-2.30173
166.15	-2.06723	-2.30301
165.57	-2.04844	-2.30336
164.99	-2.03091	-2.30398
164.39	-2.01432	-2.30476
163.79	-1.9985	-2.30517
163.18	-1.98331	-2.30507
162.55	-1.96861	-2.30456
161.92	-1.95426	-2.30378
161.27	-1.94009	-2.30281
160.61	-1.92595	-2.30194
159.94	-1.91169	-2.30129
159.25	-1.89717	-2.30125
158.55	-1.88216	-2.30192
157.84	-1.86648	-2.30359
157.11	-1.84985	-2.30633
156.37	-1.83127	-2.30993
155.6	-1.80993	-2.30295
154.83	-1.79209	-2.30583
154.03	-1.77325	-2.30956
153.22	-1.75369	-2.31361
152.38	-1.7341	-2.31802
151.53	-1.71612	-2.32295
150.65	-1.70115	-2.32856
149.76	-1.73157	-2.35923
148.84	-1.69973	-2.36556
147.9	-1.66459	-2.37223
146.93	-1.62663	-2.37799
145.94	-1.58648	-2.38222
144.93	-1.54462	-2.3852
143.88	-1.50098	-2.38753
142.81	-1.39743	-2.25678
141.71	-1.35343	-2.26439
179.07	-2.23284	-2.22143
179.51	-2.13921	-2.2103
179.8	-2.22848	-2.21829
179.5	-2.22497	-2.21563
179.06	-2.2206	-2.21229
178.61	-2.2154	-2.20831
178.16	-2.20948	-2.20378
177.7	-2.20276	-2.19867
177.24	-2.19531	-2.19305
176.77	-2.18716	-2.18692
176.31	-2.17826	-2.18024
175.84	-2.16862	-2.17303
175.36	-2.15821	-2.16518
174.89	-2.14697	-2.15651
174.41	-2.1349	-2.14682
173.93	-2.12197	-2.13568
173.44	-2.10804	-2.12164
172.95	-2.09421	-2.10165
172.45	-2.08758	-2.0907
171.95	-2.08393	-2.08864
171.44	-2.08073	-2.08901
170.93	-2.09984	-2.14078
170.41	-2.13582	-2.19394
169.89	-2.13925	-2.21138
169.36	-2.13703	-2.22824
168.82	-2.13038	-2.24716
168.28	-2.12089	-2.27642
167.73	-2.10145	-2.3046
167.17	-2.07983	-2.30922
166.6	-2.06048	-2.30957
166.03	-2.04266	-2.3097
165.44	-2.02586	-2.3103
164.85	-2.00988	-2.3109
164.24	-1.99458	-2.31111
163.63	-1.97986	-2.31085
163.01	-1.96557	-2.31024
162.37	-1.95156	-2.30928
161.72	-1.93772	-2.30817
161.06	-1.92383	-2.30715
160.39	-1.90982	-2.30626
159.7	-1.89546	-2.30587
159	-1.88061	-2.3061
158.29	-1.86502	-2.30712
157.56	-1.84843	-2.30903
156.82	-1.8302	-2.31127
156.05	-1.80906	-2.30167
155.28	-1.79143	-2.3038
154.48	-1.77283	-2.30713
153.67	-1.75354	-2.31089
152.83	-1.73428	-2.31498
151.98	-1.79407	-2.25569
151.1	-1.70261	-2.32471
150.21	-1.73038	-2.36466
149.29	-1.69871	-2.36983
148.35	-1.66364	-2.37538
147.38	-1.62579	-2.38026
146.39	-1.58577	-2.3838
145.37	-1.54405	-2.38621
144.33	-1.50051	-2.38803
143.26	-1.43844	-2.36457
142.16	-1.34756	-2.26123
178.62	-2.22989	-2.2184
179.07	-2.10028	-2.09717
179.5	-2.22503	-2.21476
179.8	-2.2213	-2.21188
179.5	-2.21677	-2.20839
179.06	-2.09925	-2.09504
178.61	-2.20537	-2.19964
178.15	-2.09972	-2.09267
177.69	-2.10306	-2.09339
177.23	-2.1828	-2.18264
176.76	-2.17381	-2.17595
176.29	-2.16403	-2.16866
175.82	-2.15344	-2.1607
175.35	-2.14201	-2.1519
174.87	-2.12975	-2.14206
174.38	-2.11655	-2.1306
173.89	-2.10273	-2.11653
173.4	-2.09083	-2.10109
172.91	-2.08419	-2.09279
172.4	-2.08026	-2.09098
171.9	-2.0778	-2.09323
171.39	-2.09265	-2.13281
170.87	-2.13735	-2.20096
170.34	-2.13843	-2.21782
169.81	-2.13438	-2.23472
169.28	-2.12654	-2.25499
168.73	-2.11504	-2.29238
168.18	-2.09248	-2.3131
167.62	-2.0723	-2.31523
167.06	-2.05415	-2.31496
166.48	-2.03719	-2.31505
165.9	-2.02106	-2.31562
165.3	-2.00563	-2.31609
164.7	-1.99085	-2.31613
164.08	-1.97659	-2.31566
163.46	-1.96271	-2.31487
162.82	-1.94905	-2.31382
162.18	-1.93551	-2.31259
161.52	-1.9219	-2.31138
160.84	-1.90812	-2.31029
160.16	-1.89397	-2.30953
159.46	-1.87928	-2.30928
158.74	-1.86383	-2.30971
158.01	-1.84734	-2.31078
157.27	-1.82927	-2.31197
156.51	-1.80829	-2.30055
155.73	-1.79087	-2.30171
154.93	-1.77251	-2.30455
154.12	-1.75352	-2.30801
153.28	-1.73464	-2.31175
152.43	-1.7177	-2.31573
151.55	-1.70438	-2.32049
150.66	-1.729	-2.37033
149.74	-1.69766	-2.37442
148.8	-1.6628	-2.37878
147.83	-1.62508	-2.38267
146.84	-1.58518	-2.38548
145.82	-1.54356	-2.38732
144.78	-1.50011	-2.38863
143.71	-1.38603	-2.2505
142.61	-1.34088	-2.25776
178.17	-2.22617	-2.21447
178.62	-2.22396	-2.21278
179.06	-2.22087	-2.21037
179.5	-2.21701	-2.20736
179.79	-2.2123	-2.2037
179.5	-2.20686	-2.1995
179.06	-2.20071	-2.19478
178.61	-2.19386	-2.1896
178.15	-2.09982	-2.0935
177.69	-2.1779	-2.17765
177.22	-2.10109	-2.09205
176.75	-2.15886	-2.16352
176.28	-2.14811	-2.15545
175.8	-2.13645	-2.14646
175.32	-2.12387	-2.1363
174.84	-2.11045	-2.12447
174.35	-2.09726	-2.11097
173.86	-2.08736	-2.09975
173.36	-2.08134	-2.09442
172.86	-2.07789	-2.09436
172.36	-2.07727	-2.10026
171.84	-2.13466	-2.1905
171.33	-2.13838	-2.20744
170.8	-2.13734	-2.22391
170.27	-2.13165	-2.24106
169.74	-2.12267	-2.26348
169.19	-2.10613	-2.30962
168.64	-2.08399	-2.31939
168.08	-2.06535	-2.31982
167.51	-2.04825	-2.31938
166.94	-2.03202	-2.31955
166.35	-2.01649	-2.3201
165.76	-2.00161	-2.32042
165.15	-1.98734	-2.32025
164.54	-1.97352	-2.31965
163.91	-1.96002	-2.31875
163.28	-1.9467	-2.31753
162.63	-1.93346	-2.31619
161.97	-1.92014	-2.31478
161.3	-1.90659	-2.31348
160.61	-1.89266	-2.31236
159.91	-1.87817	-2.31171
159.2	-1.86289	-2.3115
158.47	-1.84653	-2.31182
157.72	-1.82455	-2.30346
156.96	-1.8076	-2.30019
156.18	-1.79039	-2.29962
155.38	-1.77232	-2.30189
154.57	-1.75363	-2.30498
153.73	-1.73517	-2.30831
152.88	-1.71886	-2.31178
152	-1.7733	-2.24872
151.11	-1.73252	-2.26842
150.19	-1.69654	-2.37954
149.25	-1.66198	-2.38264
148.28	-1.62443	-2.38544
147.29	-1.58466	-2.38745
146.27	-1.54312	-2.38869
145.23	-1.49973	-2.38953
144.15	-1.45408	-2.39045
143.05	-1.40585	-2.39172
177.71	-2.22175	-2.2097
178.16	-2.21932	-2.20777
178.61	-2.21609	-2.20521
179.06	-2.09555	-2.09874
179.49	-2.20729	-2.1983
179.79	-2.20174	-2.194
179.5	-2.19551	-2.18921
179.06	-2.18857	-2.18395
178.61	-2.18091	-2.17822
178.14	-2.17247	-2.17195
177.68	-2.16321	-2.16509
177.21	-2.15316	-2.15764
176.74	-2.14216	-2.14936
176.26	-2.1302	-2.14008
175.78	-2.11724	-2.12947
175.3	-2.10375	-2.11731
174.81	-2.09213	-2.10585
174.32	-2.084	-2.09833
173.82	-2.07897	-2.09577
173.32	-2.07691	-2.09853
172.81	-2.07918	-2.1092
172.3	-2.09608	-2.1415
171.78	-2.13905	-2.21348
171.26	-2.13599	-2.22965
170.73	-2.12883	-2.24735
170.19	-2.11864	-2.27393
169.65	-2.09616	-2.32
169.1	-2.07632	-2.32368
168.54	-2.05898	-2.32318
167.97	-2.0427	-2.32286
167.4	-2.0271	-2.32327
166.81	-2.01213	-2.32382
166.22	-1.99779	-2.32403
165.61	-1.98398	-2.32371
165	-1.97057	-2.32301
164.37	-1.95742	-2.32199
163.74	-1.94444	-2.32067
163.09	-1.9315	-2.31922
162.43	-1.91845	-2.31765
161.75	-1.90517	-2.31608
161.07	-1.89153	-2.31457
160.37	-1.87725	-2.31337
159.65	-1.86219	-2.31256
158.92	-1.84603	-2.31216
158.18	-1.82853	-2.3118
157.41	-1.80713	-2.29973
156.64	-1.79004	-2.29783
155.84	-1.77222	-2.29928
155.02	-1.75387	-2.30185
154.19	-1.73588	-2.30475
153.33	-1.72027	-2.30768
152.46	-1.70909	-2.31092
151.56	-1.74352	-2.25058
150.64	-1.69541	-2.38524
149.7	-1.66119	-2.38707
148.73	-1.62386	-2.38867
147.74	-1.58419	-2.38984
146.72	-1.54271	-2.3905
145.68	-1.49932	-2.39093
144.6	-1.35481	-2.20762
143.5	-1.40545	-2.3925
177.25	-2.21661	-2.20407
177.7	-2.21404	-2.20198
178.15	-2.09621	-2.10256
178.6	-2.0934	-2.09987
179.05	-2.20166	-2.19212
179.49	-2.19607	-2.18777
179.78	-2.18982	-2.18296
179.5	-2.18279	-2.17764
179.06	-2.17503	-2.17183
178.6	-2.16643	-2.16544
178.14	-2.15704	-2.15848
177.67	-2.14676	-2.15084
177.2	-2.13544	-2.14226
176.72	-2.12309	-2.13257
176.24	-2.1097	-2.12134
175.76	-2.09717	-2.11009
175.27	-2.0876	-2.10166
174.78	-2.08111	-2.09733
174.28	-2.07754	-2.09757
173.78	-2.07749	-2.10358
173.28	-2.08524	-2.12258
172.76	-2.13805	-2.19844
172.25	-2.13935	-2.21904
171.72	-2.13442	-2.23506
171.19	-2.1259	-2.25379
170.65	-2.11322	-2.29703
170.11	-2.08731	-2.32549
169.56	-2.06943	-2.32627
169	-2.05313	-2.32574
168.43	-2.03747	-2.32579
167.86	-2.0224	-2.32646
167.27	-2.00793	-2.32695
166.68	-1.99408	-2.32711
166.07	-1.9807	-2.32676
165.46	-1.9677	-2.32595
164.83	-1.95489	-2.32482
164.19	-1.94223	-2.32345
163.55	-1.92958	-2.32186
162.89	-1.91681	-2.32004
162.21	-1.90384	-2.31815
161.53	-1.89045	-2.31629
160.83	-1.87649	-2.31461
160.11	-1.86168	-2.31315
159.38	-1.84583	-2.31203
158.63	-1.82308	-2.29859
157.87	-1.80952	-2.30829
157.09	-1.78981	-2.29688
156.29	-1.93511	-2.25093
155.48	-1.75426	-2.29872
154.64	-1.73678	-2.30104
153.79	-1.72196	-2.30342
152.91	-1.77893	-2.23432
152.02	-1.74807	-2.24104
151.1	-1.69435	-2.39139
150.15	-1.66046	-2.39194
149.19	-1.62333	-2.39237
148.19	-1.58378	-2.39272
147.17	-1.54231	-2.39285
146.13	-1.49887	-2.39293
145.06	-1.41506	-2.21681
143.96	-1.41258	-2.34395
179.5	-2.22489	-2.23701
179.78	-2.22485	-2.23666
179.72	-2.22431	-2.23587
179.42	-2.22318	-2.2346
179.09	-2.22153	-2.23291
178.75	-2.21935	-2.23076
178.42	-2.2167	-2.22822
178.07	-2.21357	-2.22528
177.73	-2.20991	-2.22188
177.38	-2.20583	-2.21814
177.04	-2.20123	-2.21397
176.69	-2.10824	-2.09858
176.33	-2.10714	-2.0944
175.98	-2.10846	-2.09408
175.62	-2.10775	-2.09123
175.26	-2.17155	-2.18746
174.9	-2.16422	-2.18082
174.53	-2.11173	-2.09617
174.16	-2.148	-2.16562
173.79	-2.11321	-2.10304
173.41	-2.10631	-2.09071
173.02	-2.10436	-2.08813
172.64	-2.10278	-2.08732
172.24	-2.10105	-2.08699
171.85	-2.0991	-2.08687
171.44	-2.09688	-2.08692
171.03	-2.09441	-2.08709
170.62	-2.0916	-2.08726
170.19	-2.08858	-2.08757
169.76	-2.08543	-2.08831
169.33	-2.08247	-2.09032
168.88	-2.08025	-2.09576
168.43	-2.08319	-2.12279
167.97	-2.12047	-2.25274
167.5	-2.11098	-2.27693
167.02	-2.09519	-2.29834
166.53	-2.07517	-2.30519
166.03	-2.0562	-2.30649
165.52	-2.03875	-2.30681
164.99	-2.0223	-2.3074
164.46	-2.00647	-2.30831
163.91	-1.99114	-2.30907
163.34	-1.97622	-2.30932
162.77	-1.96157	-2.30908
162.17	-1.94711	-2.30828
161.56	-1.9327	-2.30702
160.94	-1.91821	-2.30561
160.29	-1.90352	-2.30398
159.63	-1.88842	-2.30253
158.94	-1.87291	-2.30133
158.24	-1.85669	-2.30078
157.51	-1.83968	-2.30125
156.76	-1.82177	-2.3029
155.98	-1.8028	-2.30572
155.17	-1.78235	-2.3095
154.34	-1.7598	-2.31386
153.48	-1.734	-2.31889
152.58	-1.70179	-2.32709
151.65	-1.66889	-2.33118
150.69	-1.64345	-2.32684
149.68	-1.7342	-2.31459
179.78	-2.23666	-2.22485
179.5	-2.23593	-2.22452
179.18	-2.23468	-2.22373
178.85	-2.23293	-2.22255
178.51	-2.23067	-2.22092
178.17	-2.22789	-2.21888
177.84	-2.22464	-2.21645
177.5	-2.22088	-2.21362
177.15	-2.21668	-2.21043
176.81	-2.21202	-2.20688
176.46	-2.20688	-2.20297
176.12	-2.20131	-2.19874
175.77	-2.19532	-2.19417
175.41	-2.18888	-2.18927
175.06	-2.18203	-2.18405
174.7	-2.17467	-2.17842
174.34	-2.16687	-2.17241
173.97	-2.1586	-2.16593
173.6	-2.14982	-2.15887
173.23	-2.11072	-2.09666
172.85	-2.10639	-2.08656
172.47	-2.10416	-2.09204
172.08	-2.10145	-2.08947
171.69	-2.09938	-2.08799
171.3	-2.09727	-2.08753
170.89	-2.09491	-2.08737
170.49	-2.09228	-2.08735
170.07	-2.08938	-2.08745
169.65	-2.08638	-2.08798
169.22	-2.08341	-2.08928
168.79	-2.08103	-2.09309
168.35	-2.08387	-2.11313
167.89	-2.07886	-2.09482
167.43	-2.13473	-2.24479
166.97	-2.12729	-2.26894
166.49	-2.11181	-2.28722
166	-2.09152	-2.29309
165.5	-2.07216	-2.29518
164.99	-2.05417	-2.29637
164.47	-2.03721	-2.29759
163.93	-2.02097	-2.29896
163.38	-2.00527	-2.30021
162.82	-1.99001	-2.30098
162.24	-1.9751	-2.30141
161.65	-1.96039	-2.30133
161.04	-1.94581	-2.30103
160.42	-1.9312	-2.30069
159.77	-1.9164	-2.30029
159.11	-1.90137	-2.30024
158.43	-1.88587	-2.30063
157.72	-1.8698	-2.30186
156.99	-1.85302	-2.30395
156.24	-1.83531	-2.3071
155.47	-1.81628	-2.31128
154.66	-1.79525	-2.31656
153.83	-1.76894	-2.32267
152.97	-1.7452	-2.32363
152.07	-1.72186	-2.32459
151.14	-1.69769	-2.32688
150.18	-1.7468	-2.26853
149.18	-1.69179	-2.30815
179.72	-2.23587	-2.22431
179.78	-2.23497	-2.22379
179.5	-2.23354	-2.22284
179.18	-2.23166	-2.22151
178.85	-2.22924	-2.21974
178.51	-2.22633	-2.21757
178.17	-2.22292	-2.21501
177.83	-2.21909	-2.2121
177.49	-2.21477	-2.20881
177.15	-2.20997	-2.20515
176.8	-2.10647	-2.09334
176.45	-2.19912	-2.19692
176.1	-2.19304	-2.1923
175.75	-2.18655	-2.18738
175.39	-2.1796	-2.18211
175.04	-2.17222	-2.1765
174.67	-2.16434	-2.17045
174.31	-2.15599	-2.16395
173.94	-2.14713	-2.15688
173.57	-2.13777	-2.14912
173.19	-2.1039	-2.08773
172.81	-2.10293	-2.09439
172.42	-2.0994	-2.09458
172.03	-2.09624	-2.0888
171.63	-2.09385	-2.08757
171.23	-2.09139	-2.08714
170.82	-2.08872	-2.08708
170.41	-2.08585	-2.08733
169.99	-2.08301	-2.08836
169.56	-2.13477	-2.18721
169.13	-2.08614	-2.11932
168.68	-2.14078	-2.21756
168.23	-2.13732	-2.23271
167.77	-2.13112	-2.2512
167.3	-2.12262	-2.27808
166.83	-2.10517	-2.29508
166.34	-2.08532	-2.29993
165.84	-2.06676	-2.30136
165.33	-2.04947	-2.30225
164.8	-2.03305	-2.30338
164.27	-2.01726	-2.30469
163.72	-2.00196	-2.30576
163.16	-1.98705	-2.30644
162.58	-1.97246	-2.30667
161.99	-1.95802	-2.30657
161.38	-1.94371	-2.30623
160.76	-1.92931	-2.30567
160.11	-1.91472	-2.30529
159.45	-1.89984	-2.30505
158.76	-1.88449	-2.30528
158.06	-1.86853	-2.30621
157.33	-1.85182	-2.30794
156.58	-1.83412	-2.31063
155.8	-1.81511	-2.31427
155	-1.79418	-2.31868
154.17	-1.76724	-2.31762
153.3	-1.74523	-2.31951
152.41	-1.72153	-2.32275
151.48	-1.69776	-2.3247
150.51	-1.73837	-2.28383
149.51	-1.69479	-2.3037
179.42	-2.2346	-2.22318
179.72	-2.23355	-2.22251
179.77	-2.23198	-2.22142
179.5	-2.22992	-2.21992
179.18	-2.22739	-2.21803
178.85	-2.22434	-2.21574
178.51	-2.22084	-2.21308
178.17	-2.21688	-2.21007
177.83	-2.21244	-2.20667
177.49	-2.2076	-2.20299
177.14	-2.10362	-2.09175
176.79	-2.1966	-2.19465
176.44	-2.19046	-2.18999
176.09	-2.18389	-2.18504
175.73	-2.17688	-2.17975
175.37	-2.16941	-2.1741
175.01	-2.16149	-2.16807
174.65	-2.15303	-2.1615
174.28	-2.14411	-2.15442
173.91	-2.13463	-2.14659
173.53	-2.12455	-2.1377
173.15	-2.11372	-2.12686
172.76	-2.10143	-2.11
172.37	-2.09317	-2.0907
171.97	-2.09045	-2.08821
171.57	-2.08782	-2.08741
171.16	-2.08507	-2.08729
170.75	-2.08236	-2.08801
170.33	-2.08004	-2.09041
169.9	-2.0794	-2.09826
169.47	-2.13975	-2.20816
169.02	-2.13895	-2.22264
168.57	-2.13451	-2.23812
168.11	-2.12761	-2.25796
167.64	-2.11752	-2.28803
167.16	-2.09847	-2.3024
166.67	-2.07927	-2.3059
166.18	-2.06156	-2.30681
165.66	-2.04494	-2.30752
165.14	-2.02905	-2.30856
164.61	-2.01369	-2.30975
164.06	-1.99878	-2.31073
163.5	-1.98422	-2.31126
162.92	-1.96994	-2.31135
162.33	-1.9558	-2.31111
161.72	-1.94173	-2.31069
161.09	-1.92754	-2.31007
160.45	-1.91314	-2.30953
159.79	-1.89844	-2.30919
159.1	-1.88323	-2.30922
158.4	-1.86739	-2.30986
157.67	-1.85075	-2.31123
156.92	-1.83312	-2.31347
156.14	-1.81415	-2.3165
155.34	-1.7933	-2.32018
154.5	-1.769	-2.32335
153.64	-1.74566	-2.3255
152.74	-1.72124	-2.32083
151.82	-1.69792	-2.32237
150.85	-1.6776	-2.32177
149.85	-1.69722	-2.29902
179.09	-2.23291	-2.22153
179.42	-2.23171	-2.22071
179.71	-2.23001	-2.21949
179.77	-2.22781	-2.21785
179.5	-2.22511	-2.2158
179.18	-2.22197	-2.21342
178.84	-2.21835	-2.21065
178.51	-2.21429	-2.20755
178.17	-2.20981	-2.20412
177.82	-2.20488	-2.20036
177.48	-2.10402	-2.09336
177.13	-2.19374	-2.19194
176.78	-2.18754	-2.18726
176.43	-2.18093	-2.18229
176.07	-2.17387	-2.17698
175.71	-2.16633	-2.17131
175.35	-2.1583	-2.16522
174.99	-2.14979	-2.15865
174.62	-2.14073	-2.15146
174.25	-2.13115	-2.14357
173.87	-2.12095	-2.13456
173.49	-2.11008	-2.12364
173.1	-2.09863	-2.10852
172.71	-2.09062	-2.09336
172.31	-2.08723	-2.08935
171.91	-2.0844	-2.08823
171.5	-2.08173	-2.08842
171.09	-2.07941	-2.09021
170.67	-2.07844	-2.09599
170.24	-2.13713	-2.19853
169.8	-2.13909	-2.21312
169.36	-2.13703	-2.22754
168.91	-2.13169	-2.24348
168.45	-2.12409	-2.2652
167.98	-2.11154	-2.29809
167.5	-2.09183	-2.3089
167.01	-2.0735	-2.31115
166.51	-2.0566	-2.31156
166	-2.04059	-2.31215
165.48	-2.0252	-2.31319
164.95	-2.01025	-2.31423
164.4	-1.99571	-2.31503
163.84	-1.98152	-2.31543
163.26	-1.96756	-2.31544
162.67	-1.95371	-2.31511
162.06	-1.93988	-2.31454
161.43	-1.92593	-2.31387
160.79	-1.91174	-2.31318
160.12	-1.89718	-2.31269
159.44	-1.88211	-2.31251
158.74	-1.86638	-2.31285
158.01	-1.84983	-2.31389
157.26	-1.83226	-2.31567
156.48	-1.81333	-2.31817
155.67	-1.7926	-2.32109
154.84	-1.76903	-2.32338
153.98	-1.74409	-2.31723
153.08	-1.72102	-2.31892
152.15	-1.69816	-2.3199
151.19	-1.75262	-2.25349
150.19	-1.71709	-2.26822
178.75	-2.23076	-2.21935
179.09	-2.22942	-2.21839
179.41	-2.22758	-2.21702
179.7	-2.22527	-2.21527
179.77	-2.22248	-2.21314
179.5	-2.2192	-2.21062
179.18	-2.2155	-2.20779
178.84	-2.21138	-2.20462
178.5	-2.20682	-2.20112
178.16	-2.20184	-2.19734
177.82	-2.19642	-2.19323
177.47	-2.10219	-2.09216
177.12	-2.18435	-2.18415
176.77	-2.17767	-2.17915
176.41	-2.10244	-2.08883
176.05	-2.16292	-2.1681
175.69	-2.15479	-2.16194
175.33	-2.14617	-2.1553
174.96	-2.13702	-2.14806
174.59	-2.12732	-2.14005
174.21	-2.11696	-2.13083
173.83	-2.10605	-2.11974
173.44	-2.09555	-2.10629
173.05	-2.0883	-2.09508
172.65	-2.08439	-2.09083
172.25	-2.08142	-2.08975
171.84	-2.079	-2.09069
171.43	-2.10076	-2.14184
171.01	-2.13348	-2.18877
170.58	-2.13776	-2.20365
170.14	-2.13827	-2.21791
169.7	-2.13507	-2.23239
169.25	-2.12891	-2.249
168.79	-2.12057	-2.27361
168.32	-2.1047	-2.30716
167.84	-2.08538	-2.31443
167.35	-2.06801	-2.31557
166.85	-2.05188	-2.31572
166.34	-2.03642	-2.31627
165.82	-2.02148	-2.31728
165.29	-2.00695	-2.31824
164.74	-1.9928	-2.3189
164.18	-1.97895	-2.3191
163.6	-1.96528	-2.31899
163.01	-1.95172	-2.31852
162.4	-1.93812	-2.31787
161.77	-1.92439	-2.31712
161.13	-1.91038	-2.31633
160.46	-1.89604	-2.31566
159.78	-1.88112	-2.31529
159.07	-1.86552	-2.31534
158.35	-1.84906	-2.31598
157.59	-1.83156	-2.31732
156.82	-1.81268	-2.31928
156.01	-1.7921	-2.32153
155.18	-1.769	-2.3231
154.32	-1.74357	-2.31813
153.42	-1.72082	-2.3171
152.49	-1.69849	-2.31743
151.53	-1.75946	-2.34304
150.53	-1.71854	-2.26162
178.42	-2.22822	-2.2167
178.75	-2.22675	-2.21561
179.08	-2.22477	-2.21411
179.4	-2.22233	-2.21223
179.7	-2.21946	-2.21
179.76	-2.2161	-2.20741
179.5	-2.10466	-2.10229
179.18	-2.20811	-2.20126
178.84	-2.20347	-2.19769
178.5	-2.19846	-2.19388
178.16	-2.09994	-2.0931
177.81	-2.09809	-2.09044
177.46	-2.15792	-2.40365
177.11	-2.17409	-2.17559
176.75	-2.16687	-2.1702
176.39	-2.1592	-2.16447
176.03	-2.15097	-2.15825
175.67	-2.14222	-2.15149
175.3	-2.13294	-2.14414
174.93	-2.12308	-2.13596
174.55	-2.11253	-2.12644
174.17	-2.10185	-2.11543
173.78	-2.09242	-2.10393
173.39	-2.086	-2.09579
172.99	-2.08194	-2.0923
172.59	-2.07918	-2.09147
172.18	-2.1172	-2.15932
171.77	-2.12903	-2.17867
171.35	-2.13539	-2.19418
170.92	-2.07382	-2.10169
170.49	-2.13728	-2.22251
170.04	-2.13304	-2.23713
169.59	-2.12613	-2.25471
169.13	-2.11678	-2.28447
168.66	-2.09757	-2.31461
168.18	-2.07926	-2.31891
167.69	-2.06284	-2.31927
167.2	-2.04737	-2.31926
166.68	-2.03243	-2.31984
166.16	-2.01792	-2.32083
165.63	-2.00379	-2.32167
165.08	-1.99	-2.32217
164.52	-1.97648	-2.32225
163.94	-1.96313	-2.32205
163.35	-1.94984	-2.32151
162.74	-1.93648	-2.32077
162.11	-1.92299	-2.31989
161.47	-1.90919	-2.31901
160.8	-1.89499	-2.31817
160.12	-1.88025	-2.31755
159.42	-1.86479	-2.31732
158.69	-1.84842	-2.31761
157.93	-1.831	-2.31847
157.16	-1.81221	-2.31992
156.35	-1.79176	-2.32156
155.52	-1.76864	-2.32231
154.66	-1.74377	-2.31933
153.76	-1.72068	-2.31549
152.83	-1.69887	-2.31491
151.87	-1.68102	-2.31335
150.87	-1.7507	-2.23155
178.07	-2.22528	-2.21357
178.41	-2.22366	-2.21232
178.74	-2.22156	-2.2107
179.07	-2.21904	-2.20873
179.39	-2.21606	-2.20641
179.69	-2.21265	-2.20375
179.76	-2.20878	-2.20076
179.5	-2.20453	-2.19748
179.17	-2.19987	-2.1939
178.84	-2.19481	-2.19006
178.5	-2.18928	-2.18588
178.15	-2.10297	-2.09703
177.8	-2.17705	-2.17673
177.45	-2.17023	-2.17165
177.1	-2.16292	-2.16621
176.74	-2.15513	-2.16038
176.38	-2.14683	-2.15411
176.01	-2.13792	-2.14723
175.64	-2.12847	-2.13969
175.27	-2.11831	-2.13114
174.89	-2.10773	-2.12143
174.51	-2.0976	-2.11096
174.12	-2.08943	-2.10179
173.73	-2.08373	-2.09597
173.34	-2.07991	-2.09373
172.93	-2.10851	-2.14716
172.53	-2.1227	-2.16678
172.11	-2.13244	-2.18477
171.69	-2.13696	-2.19919
171.26	-2.13829	-2.21311
170.83	-2.13621	-2.22699
170.39	-2.13099	-2.24188
169.93	-2.1233	-2.26075
169.47	-2.11148	-2.30106
169	-2.09064	-2.32028
168.53	-2.07355	-2.32241
168.04	-2.05797	-2.32226
167.54	-2.04308	-2.32228
167.03	-2.02862	-2.323
166.5	-2.0145	-2.32391
165.97	-2.00075	-2.32462
165.42	-1.98733	-2.32501
164.86	-1.97414	-2.32505
164.28	-1.96105	-2.32468
163.69	-1.94804	-2.32406
163.08	-1.93493	-2.32326
162.45	-1.92165	-2.32229
161.81	-1.90805	-2.32123
161.15	-1.89403	-2.32023
160.46	-1.87946	-2.31941
159.76	-1.86414	-2.31888
159.03	-1.84793	-2.31878
158.28	-1.83058	-2.31922
157.5	-1.81191	-2.32014
156.69	-1.7916	-2.32124
155.86	-1.76922	-2.32171
155	-1.74441	-2.31939
154.1	-1.72064	-2.31426
153.17	-1.69931	-2.31237
152.21	-1.75798	-2.35646
151.21	-1.71261	-2.26474