179.5	-2.22489	-2.23701
179.78	-2.22485	-2.23666
179.72	-2.22431	-2.23587
179.42	-2.22318	-2.2346
179.09	-2.22153	-2.23291
178.75	-2.21935	-2.23076
178.42	-2.2167	-2.22822
178.07	-2.21357	-2.22528
177.73	-2.20991	-2.22188
177.38	-2.20583	-2.21814
177.04	-2.20123	-2.21397
176.69	-2.10824	-2.09858
176.33	-2.10714	-2.0944
175.98	-2.10846	-2.09408
175.62	-2.10775	-2.09123
175.26	-2.17155	-2.18746
174.9	-2.16422	-2.18082
174.53	-2.11173	-2.09617
174.16	-2.148	-2.16562
173.79	-2.11321	-2.10304
173.41	-2.10631	-2.09071
173.02	-2.10436	-2.08813
172.64	-2.10278	-2.08732
172.24	-2.10105	-2.08699
171.85	-2.0991	-2.08687
171.44	-2.09688	-2.08692
171.03	-2.09441	-2.08709
170.62	-2.0916	-2.08726
170.19	-2.08858	-2.08757
169.76	-2.08543	-2.08831
169.33	-2.08247	-2.09032
168.88	-2.08025	-2.09576
168.43	-2.08319	-2.12279
167.97	-2.12047	-2.25274
167.5	-2.11098	-2.27693
167.02	-2.09519	-2.29834
166.53	-2.07517	-2.30519
166.03	-2.0562	-2.30649
165.52	-2.03875	-2.30681
164.99	-2.0223	-2.3074
164.46	-2.00647	-2.30831
163.91	-1.99114	-2.30907
163.34	-1.97622	-2.30932
162.77	-1.96157	-2.30908
162.17	-1.94711	-2.30828
161.56	-1.9327	-2.30702
160.94	-1.91821	-2.30561
160.29	-1.90352	-2.30398
159.63	-1.88842	-2.30253
158.94	-1.87291	-2.30133
158.24	-1.85669	-2.30078
157.51	-1.83968	-2.30125
156.76	-1.82177	-2.3029
155.98	-1.8028	-2.30572
155.17	-1.78235	-2.3095
154.34	-1.7598	-2.31386
153.48	-1.734	-2.31889
152.58	-1.70179	-2.32709
151.65	-1.66889	-2.33118
150.69	-1.64345	-2.32684
149.68	-1.7342	-2.31459
179.5	-2.22489	-2.23701
179.81	-2.22472	-2.23644
179.51	-2.22357	-2.23504
179.07	-2.22143	-2.23284
178.62	-2.2184	-2.22989
178.17	-2.21447	-2.22617
177.71	-2.2097	-2.22175
177.25	-2.20407	-2.21661
176.78	-2.10445	-2.09537
176.32	-2.10538	-2.09344
175.85	-2.10632	-2.09152
175.38	-2.10699	-2.09023
174.91	-2.10858	-2.0901
174.43	-2.11498	-2.10185
173.95	-2.11176	-2.09918
173.46	-2.10757	-2.09467
172.98	-2.10387	-2.08808
172.48	-2.10186	-2.08712
171.99	-2.09965	-2.08683
171.49	-2.09711	-2.08688
170.98	-2.09422	-2.08713
170.47	-2.09094	-2.08742
169.95	-2.08739	-2.08802
169.42	-2.08389	-2.08971
168.89	-2.08108	-2.09485
168.36	-2.08359	-2.12247
167.81	-2.11829	-2.25632
167.26	-2.10537	-2.28474
166.7	-2.08407	-2.29955
166.14	-2.06237	-2.30191
165.56	-2.04293	-2.30171
164.98	-2.02513	-2.30172
164.38	-2.00837	-2.30196
163.78	-1.99243	-2.30198
163.17	-1.97713	-2.30145
162.54	-1.96235	-2.30033
161.91	-1.94796	-2.29879
161.26	-1.93376	-2.29692
160.6	-1.91967	-2.29494
159.93	-1.90545	-2.29316
159.24	-1.89108	-2.29175
158.55	-1.87624	-2.29113
157.83	-1.86083	-2.29171
157.1	-1.84466	-2.29369
156.36	-1.82751	-2.29731
155.6	-1.80892	-2.30271
154.82	-1.77642	-2.31472
154.03	-1.75678	-2.31716
153.22	-1.7361	-2.32079
152.38	-1.71465	-2.32423
151.53	-1.69408	-2.327
150.66	-1.7532	-2.25219
149.76	-1.72442	-2.34602
148.85	-1.69273	-2.35509
147.91	-1.65717	-2.36378
146.94	-1.61769	-2.36975
145.95	-1.57585	-2.37502
144.94	-1.53242	-2.3793
143.9	-1.48735	-2.38292
142.83	-1.44017	-2.38616
141.73	-1.39037	-2.38905
179.5	-2.22489	-2.23701
179.44	-2.22332	-2.23486
178.51	-2.21755	-2.22926
177.56	-2.20803	-2.22053
176.6	-2.19503	-2.20901
175.65	-2.10395	-2.09055
174.71	-2.15999	-2.17831
173.76	-2.10195	-2.08807
172.83	-2.09949	-2.0937
171.9	-2.0905	-2.08721
170.97	-2.08262	-2.08629
170.06	-2.07483	-2.08811
169.15	-2.12807	-2.2307
168.25	-2.11986	-2.27106
167.36	-2.09776	-2.32011
166.48	-2.05958	-2.3335
165.61	-2.02527	-2.33638
164.75	-1.99493	-2.34028
163.91	-1.96729	-2.34365
163.07	-1.94196	-2.34516
162.25	-1.91831	-2.34503
161.44	-1.89587	-2.34375
160.65	-1.87404	-2.34176
159.86	-1.85246	-2.33925
159.09	-1.83083	-2.3365
158.34	-1.80901	-2.33388
157.6	-1.78705	-2.33199
156.87	-1.76521	-2.33153
156.16	-1.74377	-2.33294
155.46	-1.72296	-2.33648
154.77	-1.70421	-2.34476
154.1	-1.70084	-2.38163
153.45	-1.67013	-2.36341
152.81	-1.63698	-2.34176
152.18	-1.6083	-2.33199
151.57	-1.57104	-2.27391
150.97	-1.55288	-2.3252
150.39	-1.52574	-2.31551
149.82	-1.4981	-2.28688
149.27	-1.46365	-2.27524
148.72	-1.46694	-2.30042
148.2	-1.45466	-2.31153
147.68	-1.44187	-2.32088
147.18	-1.42943	-2.32977
146.7	-1.41743	-2.33821
146.23	-1.40581	-2.34606
145.77	-1.59269	-2.35364
145.32	-1.38244	-2.36023
144.89	-1.3695	-2.36662
144.47	-1.35567	-2.37261
144.06	-1.34116	-2.37818
143.66	-1.32642	-2.3834
143.28	-1.31149	-2.38824
142.91	-1.29638	-2.3927
142.55	-1.28145	-2.3968
142.2	-1.26643	-2.40048
141.87	-1.26643	-2.40048
141.54	-1.39895	-2.32541
141.23	-1.22185	-2.40857
140.93	-1.2071	-2.41011
140.64	-1.19243	-2.41099
179.5	-2.22489	-2.23701
179.72	-2.22479	-2.23666
179.62	-2.22417	-2.23589
179.34	-2.22302	-2.23469
179.02	-2.22134	-2.23306
178.69	-2.21911	-2.23097
178.35	-2.21641	-2.2285
178	-2.21319	-2.2256
177.66	-2.20949	-2.2223
177.31	-2.20528	-2.21862
176.96	-2.20059	-2.21452
176.6	-2.19543	-2.21006
176.24	-2.1045	-2.09521
175.88	-2.18374	-2.19997
175.52	-2.17724	-2.19436
175.15	-2.17025	-2.18827
174.78	-2.16283	-2.1817
174.4	-2.12425	-2.1207
174.02	-2.11027	-2.0945
173.63	-2.11133	-2.1019
173.24	-2.11128	-2.09416
172.84	-2.11162	-2.09477
172.44	-2.11165	-2.09539
172.03	-2.11133	-2.09597
171.62	-2.11064	-2.09645
171.2	-2.10948	-2.0967
170.77	-2.10791	-2.09673
170.34	-2.10591	-2.09655
169.9	-2.10349	-2.09609
169.45	-2.10067	-2.09545
169	-2.09757	-2.09475
168.53	-2.09669	-2.12767
168.06	-2.09058	-2.09374
167.58	-2.0868	-2.0943
167.09	-2.08351	-2.10422
166.6	-2.10708	-2.2013
166.09	-2.09718	-2.21407
165.57	-2.08404	-2.22325
165.05	-2.06955	-2.22498
164.51	-2.0558	-2.22333
163.96	-2.04299	-2.22078
163.41	-2.03086	-2.21833
162.84	-2.01921	-2.21637
162.26	-2.00787	-2.21559
161.67	-1.9967	-2.21699
161.06	-1.98558	-2.22233
160.45	-1.97445	-2.2338
159.82	-1.92031	-2.54398
159.18	-1.9117	-2.53818
158.53	-1.90254	-2.53139
157.86	-1.89279	-2.52361
157.18	-1.88234	-2.51508
156.48	-1.87122	-2.50598
155.77	-1.85936	-2.4966
155.05	-1.84669	-2.48658
154.31	-1.8333	-2.47538
153.56	-1.81982	-2.46501
152.8	-1.80663	-2.45843
152.01	-1.79335	-2.45588
151.22	-1.77926	-2.45421
150.4	-1.76422	-2.45339
179.5	-2.22489	-2.23701
179.51	-2.22485	-2.23698
179.52	-2.22485	-2.23699
179.51	-2.22478	-2.23694
179.49	-2.22469	-2.23688
179.47	-2.22459	-2.23681
179.42	-2.22444	-2.2367
179.37	-2.22428	-2.23659
179.31	-2.22406	-2.23643
179.24	-2.22377	-2.23621
179.16	-2.22345	-2.23598
179.07	-2.22304	-2.23566
178.98	-2.2226	-2.23533
178.88	-2.22208	-2.23492
178.77	-2.22143	-2.2344
178.65	-2.22072	-2.23384
178.53	-2.2199	-2.23317
178.4	-2.21897	-2.23242
178.26	-2.21789	-2.23153
178.12	-2.21669	-2.23054
177.96	-2.10389	-2.11194
177.81	-2.2138	-2.22812
177.64	-2.2121	-2.22669
177.47	-2.21021	-2.2251
177.29	-2.20812	-2.22334
177.1	-2.20576	-2.22134
176.9	-2.20316	-2.21912
176.69	-2.20033	-2.2167
176.48	-2.1972	-2.21401
176.25	-2.19376	-2.21105
176.02	-2.19	-2.20778
175.78	-2.18588	-2.20417
175.52	-2.18141	-2.20021
175.26	-2.17651	-2.19582
174.98	-2.12476	-2.11623
174.7	-2.13916	-2.13935
174.4	-2.12813	-2.12142
174.09	-2.12446	-2.11269
173.77	-2.12389	-2.11131
173.43	-2.12308	-2.11
173.08	-2.12194	-2.10872
172.71	-2.12046	-2.10749
172.33	-2.11863	-2.10635
171.93	-2.11639	-2.10527
171.52	-2.11374	-2.10428
171.08	-2.11055	-2.10328
170.63	-2.10685	-2.10234
170.16	-2.10256	-2.10132
169.67	-2.09773	-2.10036
169.15	-2.14969	-2.19972
168.61	-2.15103	-2.21185
168.05	-2.15441	-2.23218
167.47	-2.14709	-2.2508
166.85	-2.1348	-2.2727
166.21	-2.11468	-2.29098
165.54	-2.08779	-2.29936
164.83	-2.06154	-2.30493
164.09	-2.03652	-2.3102
163.32	-2.01206	-2.31555
162.51	-1.9877	-2.32039
161.66	-1.96334	-2.32405