179.5	-4.55342	-4.57946
179.51	-4.55342	-4.57942
179.52	-4.5534	-4.57942
179.51	-4.55337	-4.57941
179.49	-4.55332	-4.5794
179.47	-4.55325	-4.57939
179.42	-4.55316	-4.57939
179.37	-4.55308	-4.57932
179.31	-4.55292	-4.5793
179.24	-4.55274	-4.57927
179.16	-4.55254	-4.57921
179.07	-4.55237	-4.57905
178.98	-4.55199	-4.57906
178.88	-4.5516	-4.57899
178.77	-4.55117	-4.57886
178.65	-4.55055	-4.57886
178.53	-4.55008	-4.57862
178.4	-4.54938	-4.57849
178.26	-4.54856	-4.57833
178.12	-4.54774	-4.57806
177.96	-4.54672	-4.57784
177.81	-4.54552	-4.57759
177.64	-4.54418	-4.5773
177.47	-4.54279	-4.57681
177.29	-4.54091	-4.57659
177.1	-4.53894	-4.57618
176.9	-4.53664	-4.57577
176.69	-4.5342	-4.57517
176.48	-4.53134	-4.5746

176.02	-4.52456	-4.57327
175.78	-4.5206	-4.5725
175.52	-4.51605	-4.57171
175.26	-4.51109	-4.57085

179.5	-4.55342	-4.57946
179.72	-4.55313	-4.57931
179.62	-4.55243	-4.57909
179.34	-4.55126	-4.57884
179.02	-4.5497	-4.57841
178.69	-4.54773	-4.57795
178.35	-4.54531	-4.5774
178	-4.54255	-4.57669
177.66	-4.53915	-4.57601
177.31	-4.53534	-4.57512
176.96	-4.53099	-4.57414
176.6	-4.5261	-4.57299
176.24	-4.52038	-4.57192
175.88	-4.51414	-4.57062
175.52	-4.50724	-4.5692
175.15	-4.4998	-4.56768
174.78	-4.49176	-4.56626
174.4	-4.48341	-4.56482
174.02	-4.47476	-4.56342
173.63	-4.46587	-4.56204
173.24	-4.45648	-4.56082
172.84	-4.44673	-4.55954
172.44	-4.4364	-4.55821
172.03	-4.42538	-4.55677
171.62	-4.41354	-4.55523
171.2	-4.40082	-4.55351

179.5	-4.55342	-4.57946
179.44	-4.55152	-4.5788
178.51	-4.54601	-4.57759
177.56	-4.53739	-4.57558
176.6	-4.52495	-4.57284
175.65	-4.50842	-4.56926
174.71	-4.48841	-4.56571
173.76	-4.46726	-4.5627
172.83	-4.44545	-4.56025
171.9	-4.42172	-4.5578
170.97	-4.39552	-4.55514
170.06	-4.36736	-4.55249
169.15	-4.33769	-4.54989
168.25	-4.30677	-4.54747
167.36	-4.27474	-4.54525
166.48	-4.24182	-4.54318
165.61	-4.20826	-4.54119
164.75	-4.17413	-4.53931
163.91	-4.13942	-4.53741
163.07	-4.10429	-4.53548
162.25	-4.06889	-4.53348
161.44	-4.03325	-4.53135
160.65	-3.99743	-4.52913
159.86	-3.96146	-4.52676
159.09	-3.9254	-4.5243
158.34	-3.8892	-4.52175
157.6	-3.853	-4.51915
156.87	-3.81684	-4.51665
156.16	-3.78067	-4.51429
155.46	-3.74461	-4.51223
154.77	-3.70862	-4.51064
154.1	-3.67282	-4.50962
153.45	-3.63712	-4.50922
152.81	-3.60154	-4.5094
152.18	-3.56615	-4.51005
151.57	-3.53091	-4.51092
150.97	-3.49589	-4.5119
150.39	-3.46105	-4.51288
149.82	-3.42628	-4.51389
149.27	-3.39142	-4.51501
148.72	-3.35617	-4.51637
148.2	-3.32044	-4.51808
147.68	-3.28421	-4.52011
147.18	-3.2475	-4.52243
146.7	-3.21053	-4.52509
146.23	-3.17339	-4.52805
145.77	-3.13622	-4.53131
145.32	-3.0992	-4.5349
144.89	-3.06229	-4.53878
144.47	-3.02566	-4.54303
144.06	-2.98919	-4.54755
143.66	-2.95284	-4.55236
143.28	-2.91663	-4.5575
142.91	-2.88062	-4.56295
142.55	-2.84551	-4.56895
142.2	-2.80891	-4.57461
141.87	-2.77337	-4.58086
141.54	-2.73786	-4.58731
141.23	-2.70277	-4.59406
140.93	-2.66778	-4.60099
140.64	-2.63315	-4.60816
179.5	-4.55342	-4.57946
179.81	-4.55293	-4.57924
179.51	-4.5516	-4.57889
179.07	-4.54952	-4.57835
178.62	-4.54666	-4.57768
178.17	-4.54309	-4.57683
177.71	-4.53882	-4.57568
177.25	-4.53342	-4.57466
176.78	-4.52719	-4.57325
176.32	-4.51982	-4.57179
175.85	-4.51151	-4.56998
175.38	-4.50216	-4.56807
174.91	-4.49199	-4.56617
174.43	-4.48133	-4.56438
173.95	-4.47034	-4.56274
173.46	-4.4591	-4.56125
172.98	-4.44743	-4.55986
172.48	-4.43512	-4.55846
171.99	-4.42193	-4.55694
171.49	-4.40774	-4.55533

170.47	-4.37655	-4.55184
169.95	-4.35958	-4.55008
169.42	-4.34178	-4.54822
168.89	-4.32311	-4.54637
168.36	-4.30358	-4.54459
167.81	-4.28319	-4.54278
167.26	-4.26192	-4.541
166.7	-4.23978	-4.53923
166.14	-4.21675	-4.53751
165.56	-4.19286	-4.53579
164.98	-4.16807	-4.53412
164.38	-4.14232	-4.53244
163.78	-4.11566	-4.53081
163.17	-4.08804	-4.52914
162.54	-4.0595	-4.52751
161.91	-4.02992	-4.52587
161.26	-3.9994	-4.5242
160.6	-4.07507	-4.4895

159.24	-3.90137	-4.51908
158.55	-3.86637	-4.51738
157.83	-3.83004	-4.51564
157.1	-3.79222	-4.51399
156.36	-3.75273	-4.51246
155.6	-3.71134	-4.51116
154.82	-3.66786	-4.51016
154.03	-3.62195	-4.50962
153.22	-3.57334	-4.50984
152.38	-3.52166	-4.51086
151.53	-3.46634	-4.5129
150.66	-3.40659	-4.51594
149.76	-3.34128	-4.51974
148.85	-3.26824	-4.52409
147.91	-3.18471	-4.52875
146.94	-3.09401	-4.53376
145.95	-3.00486	-4.53835
144.94	-2.91692	-4.5422
143.9	-2.82749	-4.54545
142.83	-2.73503	-4.54854
141.73	-2.63871	-4.55174
179.5	-4.55342	-4.57946
179.78	-4.55311	-4.5793
179.72	-4.55239	-4.57908
179.42	-4.55119	-4.5788
179.09	-4.54955	-4.5784
178.75	-4.54753	-4.57787
178.42	-4.54504	-4.57735
178.07	-4.54219	-4.57665
177.73	-4.53884	-4.57589
177.38	-4.53505	-4.57497
177.04	-4.53064	-4.57404
176.69	-4.52557	-4.57305
176.33	-4.52009	-4.57174
175.98	-4.51392	-4.57036
175.62	-4.50699	-4.56905
175.26	-4.49959	-4.56761
174.9	-4.49172	-4.56616
174.53	-4.48354	-4.56472
174.16	-4.47514	-4.56339
173.79	-4.46649	-4.5622
173.41	-4.45765	-4.56107
173.02	-4.44852	-4.55996
172.64	-4.43896	-4.55884
172.24	-4.4288	-4.5577
171.85	-4.41799	-4.55648
171.44	-4.40649	-4.55518
171.03	-4.3943	-4.55381
170.62	-4.38141	-4.55245
170.19	-4.36783	-4.55102
169.76	-4.35362	-4.54952
169.33	-4.33883	-4.54819
168.88	-4.32315	-4.54657
168.43	-4.30685	-4.54507
167.97	-4.28982	-4.54364
167.5	-4.27204	-4.54216
167.02	-4.25346	-4.54071
166.53	-4.23409	-4.53928
166.03	-4.21392	-4.53785
165.52	-4.19291	-4.53643
164.99	-4.17102	-4.53503
164.46	-4.14816	-4.53363
163.91	-4.12437	-4.53222
163.34	-4.0996	-4.53079
162.77	-4.07377	-4.52936
162.17	-4.04688	-4.52787
161.56	-4.01884	-4.52634
160.94	-3.98956	-4.52479
160.29	-3.95901	-4.52317
159.63	-3.92717	-4.52147
158.94	-3.89377	-4.51972
158.24	-3.85871	-4.51795
157.51	-3.82191	-4.51608
156.76	-3.78301	-4.51432
155.98	-3.74189	-4.51268
155.17	-3.69813	-4.51134
154.34	-3.65146	-4.51057
153.48	-3.6016	-4.51063
152.58	-3.54798	-4.51183
151.65	-3.49015	-4.51435
150.69	-3.42741	-4.51807
149.68	-3.35847	-4.52258