179.65	-1.60537	-1.62601
179.62	-1.60498	-1.62609
179.58	-1.60523	-1.62658
179.54	-1.60451	-1.62714
179.48	-1.60499	-1.62716
179.42	-1.60481	-1.62753
179.35	-1.60492	-1.62773
179.27	-1.60504	-1.62804
179.18	-1.60538	-1.62833
179.09	-1.60554	-1.62849
178.99	-1.6057	-1.62871
178.89	-1.60577	-1.62882
178.78	-1.60577	-1.62918
178.66	-1.60613	-1.62965
178.54	-1.60618	-1.62976
178.41	-1.60657	-1.63006
178.27	-1.60645	-1.63036
178.13	-1.60642	-1.63055
177.98	-1.60698	-1.6311
177.82	-1.6152	-1.63459
177.65	-1.6145	-1.63441
177.48	-1.61388	-1.63351
177.3	-1.61347	-1.6328
177.11	-1.61298	-1.63254
176.91	-1.61214	-1.63164
176.71	-1.61094	-1.63081
176.49	-1.61053	-1.63025
176.27	-1.60953	-1.62901
176.04	-1.60926	-1.62852
175.8	-1.60896	-1.62802
175.55	-1.60759	-1.62648
175.28	-1.60685	-1.62551
175.01	-1.6064	-1.62495
174.73	-1.60588	-1.62371
174.43	-1.6051	-1.62259
174.12	-1.60421	-1.62135
173.8	-1.60433	-1.62068
173.47	-1.60355	-1.6196
173.12	-1.60329	-1.6187
172.76	-1.60244	-1.6173
172.39	-1.60264	-1.61623
172	-1.60276	-1.61498
171.59	-1.60253	-1.61362
171.17	-1.60201	-1.61227
170.73	-1.60139	-1.61021
170.27	-1.60141	-1.60857
169.79	-1.60106	-1.60658
169.29	-1.51875	-1.50084
168.77	-1.6009	-1.60273
168.22	-1.60157	-1.60058
167.66	-1.61038	-1.60575
167.06	-1.60192	-1.59546
166.45	-1.6017	-1.59303
165.8	-1.60121	-1.59046
165.13	-1.60066	-1.58718
164.42	-1.60358	-1.59101
163.69	-1.60875	-1.60034
162.92	-1.60782	-1.60128
162.11	-1.60604	-1.60188
161.27	-1.60368	-1.60298
160.39	-1.59963	-1.6027
179.65	-1.60537	-1.62601
178.73	-1.60668	-1.62656
177.78	-1.60638	-1.62499
176.82	-1.60497	-1.62389
175.87	-1.60078	-1.61993
174.92	-1.59849	-1.61752
173.97	-1.59322	-1.61444
173.02	-1.5891	-1.61335
172.09	-1.58464	-1.61256
171.15	-1.58148	-1.61405
170.23	-1.57865	-1.61604
169.31	-1.57563	-1.61851
168.41	-1.57283	-1.62143
167.51	-1.57047	-1.62553
166.62	-1.5678	-1.62992
165.74	-1.56565	-1.63552
164.87	-1.5633	-1.64135
164.01	-1.5613	-1.64787
163.17	-1.55869	-1.65374
162.33	-1.55605	-1.65979
161.51	-1.55352	-1.66644
160.7	-1.55055	-1.67331
159.91	-1.54753	-1.68027
159.13	-1.54451	-1.6874
158.36	-1.54123	-1.6944
157.61	-1.5377	-1.70096
156.87	-1.53388	-1.70715
156.14	-1.53001	-1.71359
155.43	-1.52566	-1.71994
154.73	-1.52126	-1.72618
154.05	-1.51676	-1.73264
153.38	-1.5122	-1.7391
152.73	-1.50804	-1.74544
152.09	-1.50299	-1.75149
151.47	-1.49797	-1.75776
150.86	-1.49263	-1.76381
150.26	-1.49571	-1.77603
149.68	-1.49797	-1.792
149.11	-1.49936	-1.80877
148.56	-1.50128	-1.82754
148.02	-1.50304	-1.84733
147.5	-1.50528	-1.86897
146.99	-1.50734	-1.89199
146.49	-2.61675	-2.76201
146.01	-1.46731	-1.95495
145.54	-2.6254	-2.80842
145.08	-2.61229	-2.80181
144.63	-2.60413	-2.80042
144.2	-2.59768	-2.80017
143.79	-2.59261	-2.80039
143.38	-2.58838	-2.80044
142.99	-2.58536	-2.80101
142.61	-2.58192	-2.80086
142.24	-2.5796	-2.80123
141.88	-2.57764	-2.80153
141.54	-2.57578	-2.80164
141.2	-2.5746	-2.80183
140.88	-2.57352	-2.80179
140.57	-2.57238	-2.80167
140.27	-2.57155	-2.80182
139.98	-2.57084	-2.80185
179.65	-1.60537	-1.62601
179.2	-1.60652	-1.62553
178.72	-1.60648	-1.6267
178.25	-1.60661	-1.62552
177.77	-1.60634	-1.62493
177.29	-1.60519	-1.62352
176.81	-1.60446	-1.6233
176.32	-1.60322	-1.62254
175.84	-1.60136	-1.62096
175.35	-1.59958	-1.62011
174.86	-1.5977	-1.61731
174.36	-1.59485	-1.61563
173.86	-1.59195	-1.61427
173.36	-1.58952	-1.61356
172.86	-1.58685	-1.61273
172.35	-1.58512	-1.61316
171.84	-1.58283	-1.61323
171.32	-1.58108	-1.61417
170.8	-1.57969	-1.61561
170.27	-1.57735	-1.61624
169.74	-1.57596	-1.61814
169.2	-1.35112	-1.40988
168.66	-1.57231	-1.62124
168.11	-1.57065	-1.6233
167.55	-1.56953	-1.62623
166.99	-1.56737	-1.62858
166.42	-1.56617	-1.63208
165.84	-1.56467	-1.63561
165.26	-1.56291	-1.63939
164.67	-1.5614	-1.64343
164.06	-1.55985	-1.64764
163.45	-1.5584	-1.65213
162.83	-1.55706	-1.6567
162.2	-1.55532	-1.66128
161.56	-1.55364	-1.66655
160.91	-1.552	-1.67172
160.25	-1.55004	-1.67732
159.58	-1.54827	-1.68379
158.89	-1.54669	-1.69008
158.2	-1.54483	-1.69658
157.48	-1.54278	-1.70308
156.76	-1.54114	-1.70982
156.02	-2.1737	-2.21268
155.27	-1.53623	-1.72292
154.5	-1.53376	-1.73021
153.72	-1.53103	-1.73772
152.91	-1.52755	-1.74535
152.1	-1.52451	-1.75303
151.26	-1.52074	-1.76098
150.41	-1.51584	-1.76858
149.54	-1.51043	-1.77648
148.64	-1.50652	-1.79459
147.73	-1.50456	-1.81492
146.8	-1.50344	-1.83942
145.84	-1.5038	-1.86925
144.86	-1.50414	-1.90577
143.86	-1.50849	-1.95659
142.84	-2.60354	-2.7843
141.79	-2.58893	-2.75744
140.72	-2.58202	-2.78606
139.62	-2.57604	-2.78801
179.65	-1.60537	-1.62601
179.31	-1.60598	-1.62614
178.97	-1.6064	-1.62555
178.62	-1.60686	-1.62534
178.27	-1.6065	-1.62533
177.92	-1.60627	-1.6249
177.56	-1.60589	-1.62446
177.2	-1.60528	-1.62351
176.85	-1.60448	-1.62341
176.49	-1.60333	-1.62247
176.13	-1.6026	-1.62192
175.76	-1.60082	-1.62065
175.39	-1.59943	-1.61991
175.02	-1.5984	-1.61875
174.65	-1.5943	-1.61567
174.28	-1.59454	-1.61586
173.9	-1.59224	-1.61459
173.52	-1.59031	-1.61385
173.13	-1.58819	-1.61328
172.74	-1.58671	-1.61322
172.35	-1.58481	-1.61294
171.95	-1.58343	-1.6135
171.54	-1.58202	-1.61405
171.13	-1.58016	-1.61439
170.72	-1.57909	-1.61555
170.3	-1.5774	-1.6162
169.87	-1.57645	-1.61784
169.44	-1.57451	-1.61864
169	-1.57323	-1.62013
168.55	-1.57197	-1.6217
168.09	-1.57088	-1.62369
167.63	-1.56933	-1.62564
167.16	-1.56816	-1.628
166.68	-1.56681	-1.63057
166.19	-1.56542	-1.63327
165.69	-1.56382	-1.6362
165.18	-1.56251	-1.63989
164.66	-1.56138	-1.64354
164.12	-1.56025	-1.64745
163.58	-1.55864	-1.65124
163.02	-1.55731	-1.65533
162.45	-1.55616	-1.65976
161.86	-1.55402	-1.66398
161.26	-1.55237	-1.66858
160.65	-1.55079	-1.67411
160.01	-1.54901	-1.67975
159.36	-1.54707	-1.68566
158.69	-1.54575	-1.69226
158	-1.54365	-1.69834
157.3	-1.54112	-1.70483
156.56	-1.53883	-1.71101
155.81	-2.03878	-2.29649
155.03	-1.53329	-1.72526
154.23	-1.53024	-1.73291
153.4	-1.52663	-1.74096
152.54	-1.52239	-1.74921
151.65	-1.51774	-1.75756
150.73	-1.51133	-1.7655
149.77	-1.50404	-1.77435
148.79	-1.49131	-1.78024
147.76	-1.49979	-1.82144
179.65	-1.60537	-1.62601
179.8	-1.60561	-1.62532
179.89	-1.62431	-1.61376
179.78	-1.61829	-1.61735
179.62	-1.61577	-1.61907
179.45	-1.61433	-1.61985
179.28	-1.61357	-1.62014
179.1	-1.61229	-1.6209
178.93	-1.61176	-1.62149
178.75	-1.61056	-1.62158
178.56	-1.61019	-1.62233
178.38	-1.60889	-1.62222
178.19	-1.60837	-1.62274
178	-1.60739	-1.6227
177.81	-1.61082	-1.62551
177.62	-1.60734	-1.62363
177.42	-1.60766	-1.62394
177.22	-1.60623	-1.6239
177.02	-1.60523	-1.62315
176.82	-1.60394	-1.62245
176.61	-1.60256	-1.6219
176.4	-1.60169	-1.62188
176.18	-1.60055	-1.62142
175.96	-1.59937	-1.62144
175.74	-1.59819	-1.62081
175.51	-1.59716	-1.62062
175.28	-1.59648	-1.62091
175.04	-1.59448	-1.61983
174.8	-1.59314	-1.61938
174.55	-1.5927	-1.6201
174.3	-1.5918	-1.62029
174.04	-1.59046	-1.62011
173.78	-1.5894	-1.62024
173.5	-1.58874	-1.6209
173.22	-1.58764	-1.6212
172.94	-1.58633	-1.62128
172.64	-1.58544	-1.62195
172.34	-1.58483	-1.62276
172.03	-1.58377	-1.62337
171.71	-1.58279	-1.62411
171.38	-1.58178	-1.6248
171.03	-1.58077	-1.62577
170.68	-1.57982	-1.62672
170.32	-1.57906	-1.62791
169.94	-1.57835	-1.62937
169.55	-1.57715	-1.63039
169.15	-1.57666	-1.63229
168.73	-1.57567	-1.63366
168.29	-1.57546	-1.63622
167.84	-1.57547	-1.63912
167.37	-1.57407	-1.6407
166.88	-1.57388	-1.64373
166.37	-1.57357	-1.64697
165.83	-1.57302	-1.6503
165.28	-1.57266	-1.65406
164.69	-1.57224	-1.65779
164.08	-1.57185	-1.66196
163.44	-1.57156	-1.66663
162.77	-1.57148	-1.67137
162.06	-1.57138	-1.67667
161.31	-1.57191	-1.6827
179.65	-1.60537	-1.62601
179.38	-1.60588	-1.62625
179.1	-1.60644	-1.62579
178.82	-1.60656	-1.62596
178.53	-1.60673	-1.62569
178.25	-1.60653	-1.62527
177.96	-1.60615	-1.62501
177.67	-1.60608	-1.62458
177.38	-1.60551	-1.62411
177.09	-1.60515	-1.62352
176.8	-1.60428	-1.62286
176.51	-1.60329	-1.62235
176.21	-1.60305	-1.62241
175.92	-1.60113	-1.62081
175.62	-1.60103	-1.62156
175.31	-1.59889	-1.61948
175.01	-1.59857	-1.61801
174.7	-1.59626	-1.61658
174.39	-1.5933	-1.6145
174.08	-1.59276	-1.61456
173.76	-1.59146	-1.61421
173.44	-1.58912	-1.6133
173.11	-1.58832	-1.61341
172.78	-1.58695	-1.61332
172.45	-1.58505	-1.61284
172.11	-1.58353	-1.61276
171.77	-1.58284	-1.61375
171.42	-1.58143	-1.61405
171.06	-1.58019	-1.61468
170.7	-1.57887	-1.61544
170.33	-1.57752	-1.61609
169.96	-1.57689	-1.61764
169.58	-1.57526	-1.6184
169.19	-1.57424	-1.61979
168.8	-1.57265	-1.62075
168.39	-1.57163	-1.62225
167.98	-1.57052	-1.62399
167.55	-1.56894	-1.62583
167.12	-1.56811	-1.62812
166.68	-1.56674	-1.6303
166.22	-1.56557	-1.63321
165.76	-1.56489	-1.63653
165.28	-1.56286	-1.63906
164.79	-1.56179	-1.64253
164.28	-1.56058	-1.64623
163.76	-1.55954	-1.6504
163.22	-1.55789	-1.65394
162.67	-1.55591	-1.65747
162.1	-1.55469	-1.66235
161.51	-1.5528	-1.66687
160.9	-1.55086	-1.6718
160.27	-1.54906	-1.67754
159.62	-1.54684	-1.68344
158.94	-1.54468	-1.68987
158.24	-1.55635	-1.6901
157.5	-1.99737	-2.30017
156.74	-1.53685	-1.70932
155.95	-1.53333	-1.71665
155.13	-1.5297	-1.72431
154.27	-1.52561	-1.73244
153.37	-1.5206	-1.74131