179.88	-0.58807	-0.59782
178.93	-0.59993	-0.60607
177.97	-1.06918	-1.07711
177.02	-0.58223	-0.59099
176.06	-0.58128	-0.58963
175.11	-0.57791	-0.58298
174.16	-0.58994	-0.59448
173.22	-0.57565	-0.57828
172.28	-0.58204	-0.58351
171.35	-0.61446	-0.61841
170.43	-0.9557	-0.96165
169.51	-0.57081	-0.56298
168.6	-1.5864	-1.62064
167.7	-0.60838	-0.61127
166.81	-0.59043	-0.57868
165.94	-0.58161	-0.56863
165.07	-1.01747	-1.03487
164.21	-0.56612	-0.55621
163.37	-0.60735	-0.58385
162.53	-1.4497	-1.49809
161.71	-1.47113	-1.51637
160.9	-1.46549	-1.52439
160.11	-0.88221	-0.64378
159.33	-1.5165	-1.44054
158.56	-1.49768	-1.52867
157.8	-1.50063	-1.53142
157.06	-1.5222	-1.53093
156.34	-1.51385	-1.53754
155.63	-1.51924	-1.54056
154.93	-1.52465	-1.544
154.25	-1.52931	-1.54648
153.58	-1.53402	-1.54935
152.92	-1.538	-1.5515
152.28	-1.54255	-1.55472
151.66	-1.54444	-1.5543
151.05	-1.53456	-1.53679
150.45	-1.29336	-1.11473
149.87	-1.55477	-1.56439
149.3	-1.54623	-1.54899
148.75	-1.51557	-1.52109
148.21	-1.5591	-1.57008
147.68	-1.55962	-1.57157
147.17	-1.56018	-1.57312
146.67	-1.56002	-1.57429
146.19	-1.55961	-1.57545
145.72	-1.56039	-1.57788
145.26	-1.55856	-1.57755
144.81	-1.55751	-1.5785
144.38	-1.57308	-1.51754
143.96	-1.55553	-1.58028
143.56	-1.55417	-1.58094
143.16	-1.55288	-1.58167
142.78	-1.55137	-1.58242
142.41	-1.54997	-1.58304
142.05	-1.33774	-1.52
141.71	-1.64041	-1.68929
141.37	-1.73102	-1.77705
141.05	-1.69221	-1.72415
140.74	-1.54188	-1.5858
140.44	-1.54023	-1.58626
140.15	-1.59007	-1.54581
179.88	-0.58807	-0.59782
179.53	-0.5969	-0.60426
179.17	-0.58887	-0.59592
178.81	-0.58456	-0.59239
178.44	-0.67008	-0.67202
178.08	-0.58265	-0.592
177.71	-0.58199	-0.59156
177.34	-0.65851	-0.67387
176.97	-0.58087	-0.59033
176.6	-0.58056	-0.58979
176.23	-0.58004	-0.58892
175.85	-0.5797	-0.58827
175.47	-0.57953	-0.5875
175.09	-0.56152	-0.56851
174.7	-0.5548	-0.5616
174.31	-0.70601	-0.71217
173.92	-0.54895	-0.55528
173.52	-0.5477	-0.55311
173.12	-0.71637	-0.72753
172.71	-0.57967	-0.58119
172.3	-0.57973	-0.58036
171.88	-0.93363	-0.93093
171.46	-0.56624	-0.56533
171.04	-0.56855	-0.56719
170.61	-0.56728	-0.56336
170.17	-0.58164	-0.57681
169.73	-0.61434	-0.61026
169.28	-0.61744	-0.6056
168.82	-0.55544	-0.55102
168.36	-0.58541	-0.57452
167.89	-0.88646	-1.10714
167.41	-0.58635	-0.5726
166.92	-1.69285	-1.69861
166.43	-0.58861	-0.57112
165.93	-0.60357	-0.58615
165.42	-0.59121	-0.56967
164.9	-1.58702	-1.68793
164.37	-0.59817	-0.57159
163.84	-0.59831	-0.57044
163.29	-0.60498	-0.57335
162.74	-0.60021	-0.56654
162.17	-1.15855	-0.99071
161.6	-1.97021	-2.14362
161.01	-0.60687	-0.56454
160.42	-1.6645	-1.55908
159.81	-1.27777	-1.22999
159.19	-0.6151	-0.56243
158.56	-0.81332	-0.7507
157.92	-1.49821	-1.38623
157.27	-0.61855	-0.55854
156.61	-1.26727	-1.21157
155.93	-0.63674	-0.56006
155.24	-0.67964	-0.59197
154.54	-1.43144	-1.38394
153.83	-1.44011	-1.38584
153.1	-1.44372	-1.36706
152.36	-0.66927	-0.5646
151.61	-0.96181	-0.94556
150.85	-1.45511	-1.39056
150.07	-1.45829	-1.39358
149.28	-1.45972	-1.39465
179.88	-0.58807	-0.59782
179.43	-0.59095	-0.59699
178.96	-1.24523	-1.26782
178.49	-0.61311	-0.62247
178.02	-0.58431	-0.59213
177.55	-0.58367	-0.59188
177.07	-0.58307	-0.59141
176.59	-0.5826	-0.59091
176.12	-0.58102	-0.58927
175.64	-0.58379	-0.5914
175.15	-0.57452	-0.57919
174.67	-0.91274	-0.91815
174.18	-0.58039	-0.58837
173.68	-0.59924	-0.60024
173.19	-1.14769	-1.02931
172.69	-0.5829	-0.58533
172.19	-0.55974	-0.56162
171.68	-0.58361	-0.58452
171.17	-1.12462	-0.97189
170.65	-0.58471	-0.58374
170.13	-0.58545	-0.58344
169.6	-0.59928	-0.59606
169.06	-1.51684	-1.53511
168.52	-0.58767	-0.58295
167.98	-0.58938	-0.58233
167.43	-0.59119	-0.58256
166.87	-0.55005	-0.54289
166.3	-0.57872	-0.56876
165.72	-0.59521	-0.58142
165.14	-1.45894	-1.47111
164.55	-0.5865	-0.57031
163.95	-0.60085	-0.5808
163.34	-1.22736	-1.30695
162.72	-0.59765	-0.57343
162.09	-1.36115	-1.39413
161.45	-1.65304	-1.63714
160.8	-0.99812	-0.80043
160.13	-1.45995	-1.47196
159.46	-0.67507	-0.63044
158.77	-1.46711	-1.47823
158.07	-1.57319	-1.58581
157.35	-1.47562	-1.48627
156.62	-1.48894	-1.51587
155.88	-1.48494	-1.49441
155.12	-0.96863	-1.03936
154.35	-1.49416	-1.5019
153.56	-1.47638	-1.46359
152.75	-0.99949	-0.92262
151.92	-1.4714	-1.4821
151.07	-1.51341	-1.51849
150.21	-1.2075	-1.26124
149.32	-1.52213	-1.52715
148.42	-1.38017	-1.15551
147.49	-1.52778	-1.53568
146.54	-1.31334	-1.3074
145.57	-1.51994	-1.58391
144.57	-1.52921	-1.5465
143.55	-1.46165	-1.54447
142.5	-1.52555	-1.55395
141.43	-1.52299	-1.55812
140.33	-1.51844	-1.56247
179.88	-0.58807	-0.59782
179.89	-0.58601	-0.59878
179.75	-1.19389	-1.17893
179.59	-0.59433	-0.59098
179.42	-0.59208	-0.59217
179.26	-0.59055	-0.5927
179.09	-0.58943	-0.59301
178.92	-0.58846	-0.59307
178.75	-0.58773	-0.59313
178.57	-0.58709	-0.5931
178.4	-0.58661	-0.59313
178.22	-0.58595	-0.59287
178.04	-0.5856	-0.59285
177.86	-0.58355	-0.59099
177.68	-0.58468	-0.59244
177.49	-0.5845	-0.59244
177.3	-0.58419	-0.59228
177.11	-0.58387	-0.59205
176.92	-0.58354	-0.5918
176.72	-0.58323	-0.59154
176.52	-0.58296	-0.5913
176.32	-0.57263	-0.58081
176.11	-0.61609	-0.62742
175.9	-0.58229	-0.59051
175.68	-0.57773	-0.59737
175.46	-1.25583	-1.27919
175.24	-0.58163	-0.58952
175.01	-1.26944	-1.26551
174.78	-0.58155	-0.58909
174.54	-0.58139	-0.58872
174.29	-1.06559	-1.13156
174.04	-0.68175	-0.62511
173.78	-0.58079	-0.58716
173.52	-0.56076	-0.59821
173.25	-0.58184	-0.58766
172.97	-0.57507	-0.58207
172.68	-0.58268	-0.5874
172.39	-0.58171	-0.58618
172.08	-0.58106	-0.58509
171.77	-0.58218	-0.58556
171.45	-0.58242	-0.58519
171.12	-0.57919	-0.58251
170.77	-0.57425	-0.57562
170.42	-0.58366	-0.58426
170.05	-0.58408	-0.58381
169.67	-0.57455	-0.57382
169.27	-0.58532	-0.58318
168.86	-0.58601	-0.58277
168.43	-1.04463	-1.09759
167.99	-0.55541	-0.55285
167.53	-0.92586	-1.06921
167.04	-0.59007	-0.58153
166.54	-0.56319	-0.55401
166.02	-0.63842	-0.61211
165.47	-0.55696	-0.54911
164.89	-0.61988	-0.59457
164.29	-0.6072	-0.58233
163.66	-0.62144	-0.59408
163	-0.81173	-0.77097
162.3	-0.60905	-0.56374
161.56	-0.61125	-0.57467
179.88	-0.58807	-0.59782
179.55	-0.59045	-0.59704
179.21	-0.58799	-0.59151
178.86	-0.80495	-0.81069
178.51	-0.57902	-0.58264
178.16	-0.58476	-0.5922
177.81	-0.58415	-0.59201
177.46	-0.58372	-0.59183
177.11	-1.50011	-1.50066
176.75	-0.58302	-0.59127
176.4	-0.58266	-0.59086
176.04	-0.58233	-0.59044
175.68	-0.58189	-0.5898
175.31	-0.58183	-0.58961
174.95	-0.58112	-0.58847
174.58	-1.18817	-1.22572
174.21	-1.50435	-1.50375
173.83	-1.23409	-1.15469
173.45	-0.58265	-0.58608
173.07	-1.48777	-1.46659
172.68	-0.58312	-0.58559
172.28	-0.5833	-0.5852
171.89	-0.58354	-0.58483
171.48	-0.5713	-0.57011
171.08	-0.58432	-0.58419
170.66	-0.58436	-0.58349
170.24	-0.59501	-0.59407
169.82	-0.5873	-0.58476
169.38	-0.58622	-0.58261
168.94	-0.58307	-0.58091
168.5	-0.60298	-0.60292
168.04	-0.58924	-0.58234
167.58	-0.57549	-0.56824
167.1	-0.59352	-0.58283
166.62	-0.58158	-0.5693
166.13	-0.594	-0.58146
165.63	-1.45621	-1.46185
165.11	-0.86871	-0.62359
164.59	-0.57584	-0.56033
164.05	-0.60023	-0.58045
163.51	-0.60202	-0.58016
162.94	-1.40974	-1.46057
162.37	-1.25635	-1.22654
161.78	-1.11709	-0.92076
161.17	-1.58186	-1.63157
160.54	-1.29461	-0.9124
159.9	-1.46503	-1.47969
159.24	-1.62239	-1.58789
158.57	-1.47335	-1.48728
157.87	-1.47172	-1.51907
157.15	-1.48286	-1.49572
156.4	-1.40121	-1.37725
155.64	-1.52829	-1.53346
154.84	-0.85882	-0.75822
154.02	-1.5177	-1.52355
153.17	-1.50867	-1.51267
152.3	-1.51644	-1.52344
151.39	-1.52028	-1.52823
150.44	-1.52707	-1.53268
149.46	-1.64279	-1.62678
148.45	-1.52156	-1.53014
179.88	-0.58807	-0.59782
179.89	-0.58597	-0.59888
179.73	-0.59795	-0.58872
179.56	-0.59389	-0.59133
179.39	-0.59185	-0.59224
179.21	-0.59036	-0.59268
179.04	-0.58928	-0.59296
178.86	-0.58839	-0.59305
178.68	-0.5876	-0.59302
178.5	-0.61477	-0.61967
178.32	-0.58642	-0.5929
178.13	-0.58601	-0.59288
177.94	-0.5856	-0.59277
177.76	-0.66297	-0.6715
177.56	-0.58498	-0.59262
177.37	-0.58451	-0.59232
177.18	-0.58415	-0.59209
176.98	-0.58379	-0.59183
176.77	-0.58348	-0.59158
176.57	-0.58325	-0.59139
176.36	-0.58294	-0.59108
176.15	-0.59937	-0.60797
175.94	-0.58294	-0.59102
175.72	-0.58236	-0.59037
175.49	-0.58206	-0.58998
175.27	-1.03073	-0.9146
175.04	-0.58193	-0.58958
174.8	-0.55965	-0.56663
174.56	-0.57054	-0.57711
174.31	-0.55111	-0.55934
174.06	-0.58397	-0.59035
173.8	-0.58173	-0.58821
173.54	-0.58172	-0.58785
173.27	-0.59866	-0.60694
172.99	-0.54674	-0.55799
172.7	-0.60275	-0.60681
172.41	-0.58201	-0.58656
172.11	-0.58219	-0.58622
171.8	-0.57328	-0.57678
171.48	-0.58278	-0.58568
171.15	-0.62667	-0.63636
170.81	-0.58343	-0.585
170.46	-0.67	-0.66366
170.1	-0.5844	-0.58445
169.72	-0.78672	-0.69518
169.33	-1.02178	-1.05951
168.93	-0.63118	-0.62868
168.51	-0.54628	-0.54716
168.08	-0.58863	-0.58359
167.63	-1.30594	-1.19312
167.16	-1.01994	-1.0103
166.67	-0.66709	-0.69209
166.16	-0.96522	-0.98991
165.63	-0.66093	-0.64084
165.08	-0.56721	-0.55437
164.5	-0.64434	-0.63303
163.89	-1.16441	-1.29382
163.25	-1.24921	-1.33135
162.58	-0.87862	-1.07191
161.88	-0.63474	-0.59726
161.14	-1.21695	-1.30089
179.88	-0.58807	-0.59782
179.62	-0.59014	-0.59707
179.34	-0.5911	-0.59221
179.06	-0.64613	-0.64779
178.77	-0.58634	-0.5921
178.49	-1.2269	-1.23296
178.21	-0.58502	-0.59224
177.92	-1.2078	-1.18998
177.64	-0.58406	-0.59197
177.35	-0.58369	-0.59178
177.06	-0.5834	-0.59158
176.77	-0.58308	-0.59129
176.48	-0.58205	-0.59028
176.18	-0.5823	-0.59067
175.89	-1.20547	-1.23814
175.59	-0.58202	-0.58981
175.29	-0.68793	-0.69179
174.98	-0.57349	-0.58018
174.68	-0.55476	-0.5586
174.37	-0.70582	-0.7358
174.05	-0.54912	-0.55349
173.74	-0.54606	-0.55239
173.41	-0.57501	-0.58001
173.09	-0.57351	-0.57611
172.76	-0.58295	-0.5855
172.42	-1.14879	-1.19288
172.08	-0.58339	-0.58496
171.74	-0.58362	-0.58463
171.39	-0.58401	-0.58442
171.03	-0.56579	-0.56532
170.67	-0.58458	-0.58365
170.3	-0.58517	-0.5835
169.93	-0.58617	-0.58296
169.54	-1.1549	-1.00166
169.15	-0.58748	-0.58291
168.75	-0.5876	-0.5824
168.34	-0.58842	-0.58214
167.93	-0.57449	-0.5681
167.5	-1.17365	-1.13867
167.06	-0.5912	-0.58133
166.61	-0.58666	-0.57678
166.15	-0.59358	-0.58091
165.68	-1.13808	-1.27135
165.19	-0.61794	-0.60148
164.69	-1.09469	-1.20199
164.18	-1.22721	-1.51337
163.65	-0.60095	-0.57939
163.1	-0.60241	-0.57884
162.54	-0.60855	-0.58614
161.96	-1.40917	-1.407
161.35	-1.72835	-1.77512
160.73	-0.61162	-0.579
160.09	-1.47363	-1.49484
159.42	-1.19923	-1.23115
158.72	-2.34221	-2.30885
158	-1.49396	-1.50692
157.25	-1.51826	-1.56015
156.46	-1.49978	-1.51578
155.65	-1.50615	-1.52066
154.8	-1.58488	-1.59578
153.91	-1.46649	-1.4699