 179.90 
 178.99 
 170.11 
 169.09 
 168.07 
 167.05 
 166.02 
 164.99 
 163.96 
 162.93 
 161.90 
 160.86 
 178.03 
 159.83 
 158.79 
 157.76 
 156.73 
 155.70 
 154.68 
 153.66 
 152.64 
 151.63 
 150.62 
 177.06 
 149.61 
 148.62 
 147.63 
 146.64 
 145.66 
 144.69 
 143.73 
 142.77 
 141.83 
 140.89 
 176.09 
 139.96 
 139.04 
 138.13 
 137.23 
 136.34 
 135.46 
 134.58 
 133.72 
 132.87 
 132.03 
 175.11 
 131.20 
 130.38 
 129.57 
 128.77 
 127.98 
 127.20 
 126.44 
 125.68 
 124.93 
 124.19 
 174.12 
 123.47 
 173.13 
 172.13 
 171.12 
