 179.04 
 179.90 
 171.49 
 170.57 
 169.66 
 168.76 
 167.87 
 166.99 
 166.12 
 165.27 
 164.42 
 163.59 
 179.03 
 162.77 
 161.96 
 161.16 
 160.38 
 159.61 
 158.86 
 158.12 
 157.39 
 156.68 
 155.98 
 178.08 
 155.30 
 154.63 
 153.98 
 153.34 
 152.71 
 152.10 
 151.51 
 150.92 
 150.36 
 149.80 
 177.12 
 149.26 
 148.74 
 148.22 
 147.73 
 147.24 
 146.77 
 146.31 
 145.87 
 145.43 
 145.01 
 176.17 
 144.61 
 144.21 
 143.83 
 143.46 
 143.10 
 142.76 
 142.42 
 142.10 
 141.79 
 141.49 
 175.22 
 141.20 
 174.28 
 173.34 
 172.41 
 179.04 
