 179.32 
 178.43 
 169.57 
 168.56 
 167.54 
 166.51 
 165.48 
 164.46 
 163.42 
 162.39 
 161.36 
 160.32 
 177.48 
 159.29 
 158.25 
 157.22 
 156.19 
 155.16 
 154.14 
 153.12 
 152.10 
 151.08 
 150.07 
 176.52 
 149.07 
 148.07 
 147.08 
 146.09 
 145.12 
 144.15 
 143.18 
 142.23 
 141.28 
 140.34 
 175.55 
 139.41 
 138.49 
 137.58 
 136.68 
 135.79 
 134.90 
 134.03 
 133.17 
 132.32 
 131.48 
 174.57 
 130.64 
 129.82 
 129.01 
 128.21 
 127.42 
 126.65 
 125.88 
 125.12 
 124.37 
 123.63 
 173.58 
 122.91 
 172.59 
 171.59 
 170.58 
