 168.46 
 167.66 
 159.56 
 158.60 
 157.62 
 156.64 
 155.65 
 154.66 
 153.66 
 152.66 
 151.65 
 150.64 
 166.84 
 149.63 
 148.62 
 147.61 
 146.60 
 145.59 
 144.58 
 143.58 
 142.58 
 141.58 
 140.58 
 165.99 
 139.59 
 138.61 
 137.63 
 136.65 
 135.68 
 134.72 
 133.77 
 132.82 
 131.88 
 130.95 
 165.12 
 130.03 
 129.12 
 128.21 
 127.32 
 126.43 
 125.56 
 124.69 
 123.84 
 122.99 
 122.15 
 164.23 
 121.33 
 120.51 
 119.71 
 118.91 
 118.12 
 117.35 
 116.58 
 115.83 
 115.09 
 114.35 
 163.32 
 113.63 
 162.40 
 161.47 
 160.52 
