 177.77 
 176.93 
 176.03 
 175.10 
 174.15 
 173.19 
 172.21 
 171.23 
 170.24 
 169.24 
 168.23 
 167.22 
 166.20 
 165.18 
 164.16 
 163.13 
 162.10 
 161.07 
 160.04 
 159.00 
 157.97 
 156.94 
 155.91 
 154.88 
 153.85 
 152.82 
 151.80 
 150.79 
 149.77 
 148.76 
 147.76 
 146.76 
 145.77 
 144.79 
 143.81 
 142.84 
 141.87 
 140.92 
 139.97 
 139.03 
 138.10 
 137.18 
 136.27 
 135.37 
 134.48 
 133.60 
 132.72 
 131.86 
 131.01 
 130.17 
 129.34 
 128.52 
 127.71 
 126.91 
 126.12 
 125.34 
 124.57 
 123.81 
 123.06 
 122.32 
 121.60 
