 178.99 
 179.90 
 171.17 
 170.16 
 169.13 
 168.11 
 167.08 
 166.05 
 165.02 
 163.99 
 162.96 
 161.92 
 179.09 
 160.89 
 159.85 
 158.82 
 157.79 
 156.76 
 155.74 
 154.71 
 153.70 
 152.68 
 151.67 
 178.13 
 150.67 
 149.67 
 148.68 
 147.69 
 146.72 
 145.75 
 144.78 
 143.83 
 142.88 
 141.94 
 177.16 
 141.01 
 140.09 
 139.18 
 138.28 
 137.39 
 136.50 
 135.63 
 134.77 
 133.92 
 133.08 
 176.17 
 132.25 
 131.43 
 130.62 
 129.82 
 129.03 
 128.25 
 127.48 
 126.72 
 125.97 
 125.24 
 175.19 
 124.51 
 174.19 
 173.19 
 172.18 
 178.99 
