179.5	-2.22489	-2.23701
179.81	-2.22472	-2.23644
179.51	-2.22357	-2.23504
179.07	-2.22143	-2.23284
178.62	-2.2184	-2.22989
178.17	-2.21447	-2.22617
177.71	-2.2097	-2.22175
177.25	-2.20407	-2.21661
176.78	-2.10445	-2.09537
176.32	-2.10538	-2.09344
175.85	-2.10632	-2.09152
175.38	-2.10699	-2.09023
174.91	-2.10858	-2.0901
174.43	-2.11498	-2.10185
173.95	-2.11176	-2.09918
173.46	-2.10757	-2.09467
172.98	-2.10387	-2.08808
172.48	-2.10186	-2.08712
171.99	-2.09965	-2.08683
171.49	-2.09711	-2.08688
170.98	-2.09422	-2.08713
170.47	-2.09094	-2.08742
169.95	-2.08739	-2.08802
169.42	-2.08389	-2.08971
168.89	-2.08108	-2.09485
168.36	-2.08359	-2.12247
167.81	-2.11829	-2.25632
167.26	-2.10537	-2.28474
166.7	-2.08407	-2.29955
166.14	-2.06237	-2.30191
165.56	-2.04293	-2.30171
164.98	-2.02513	-2.30172
164.38	-2.00837	-2.30196
163.78	-1.99243	-2.30198
163.17	-1.97713	-2.30145
162.54	-1.96235	-2.30033
161.91	-1.94796	-2.29879
161.26	-1.93376	-2.29692
160.6	-1.91967	-2.29494
159.93	-1.90545	-2.29316
159.24	-1.89108	-2.29175
158.55	-1.87624	-2.29113
157.83	-1.86083	-2.29171
157.1	-1.84466	-2.29369
156.36	-1.82751	-2.29731
155.6	-1.80892	-2.30271
154.82	-1.77642	-2.31472
154.03	-1.75678	-2.31716
153.22	-1.7361	-2.32079
152.38	-1.71465	-2.32423
151.53	-1.69408	-2.327
150.66	-1.7532	-2.25219
149.76	-1.72442	-2.34602
148.85	-1.69273	-2.35509
147.91	-1.65717	-2.36378
146.94	-1.61769	-2.36975
145.95	-1.57585	-2.37502
144.94	-1.53242	-2.3793
143.9	-1.48735	-2.38292
142.83	-1.44017	-2.38616
141.73	-1.39037	-2.38905
179.81	-2.23644	-2.22472
179.5	-2.23529	-2.2241
179.07	-2.23315	-2.22265
178.62	-2.23016	-2.22049
178.16	-2.22623	-2.21757
177.71	-2.22144	-2.21396
177.25	-2.21581	-2.20967
176.79	-2.20942	-2.20482
176.33	-2.20219	-2.19934
175.86	-2.19428	-2.19333
175.4	-2.18563	-2.18677
174.93	-2.17621	-2.17962
174.45	-2.16607	-2.17186
173.98	-2.15511	-2.16327
173.5	-2.14337	-2.15375
173.02	-2.11045	-2.10238
172.53	-2.1042	-2.09734
172.04	-2.09883	-2.08959
171.54	-2.09599	-2.08767
171.04	-2.09307	-2.08716
170.53	-2.08988	-2.08714
170.02	-2.08641	-2.08749
169.5	-2.08301	-2.0889
168.98	-2.08047	-2.09366
168.45	-2.08416	-2.11505
167.91	-2.13823	-2.23219
167.37	-2.13095	-2.25452
166.82	-2.11865	-2.28291
166.26	-2.09625	-2.29279
165.69	-2.07437	-2.29519
165.12	-2.05452	-2.29588
164.54	-2.03623	-2.29669
163.94	-2.019	-2.29755
163.34	-2.00262	-2.29815
162.73	-1.98698	-2.29824
162.1	-1.97186	-2.29785
161.47	-1.95713	-2.29722
160.82	-1.94269	-2.29636
160.16	-1.92827	-2.29565
159.49	-1.91381	-2.2952
158.8	-1.8991	-2.29545
158.1	-1.88395	-2.29658
157.39	-1.86821	-2.29885
156.66	-1.85154	-2.30242
155.92	-1.83315	-2.30744
155.16	-1.81088	-2.30413
154.38	-1.79286	-2.30766
153.58	-1.7738	-2.31174
152.77	-1.75396	-2.31605
151.93	-1.73405	-2.32074
151.08	-1.71567	-2.32614
150.21	-1.70004	-2.33186
149.31	-1.73268	-2.35373
148.39	-1.70088	-2.36132
147.45	-1.66573	-2.36902
146.49	-1.62767	-2.37557
145.5	-1.58734	-2.38045
144.48	-1.54531	-2.38403
143.44	-1.50154	-2.3869
142.37	-1.40217	-2.25936
141.27	-1.35828	-2.26698
179.51	-2.23504	-2.22357
179.81	-2.23359	-2.22264
179.5	-2.23122	-2.22096
179.07	-2.22791	-2.2185
178.62	-2.22377	-2.21538
178.16	-2.21874	-2.21155
177.7	-2.21297	-2.20715
177.25	-2.20638	-2.20214
176.78	-2.19903	-2.19657
176.32	-2.19099	-2.19049
175.85	-2.18223	-2.18389
175.38	-2.17271	-2.17673
174.91	-2.16239	-2.16887
174.43	-2.15134	-2.16032
173.95	-2.13946	-2.15075
173.47	-2.12669	-2.13971
172.98	-2.11269	-2.12559
172.49	-2.09633	-2.09724
171.99	-2.0916	-2.08867
171.49	-2.08839	-2.08742
170.99	-2.08509	-2.08729
170.48	-2.08186	-2.08834
169.96	-2.09469	-2.13438
169.43	-2.08307	-2.11549
168.9	-2.13957	-2.22158
168.37	-2.13429	-2.23969
167.82	-2.12595	-2.26462
167.27	-2.11037	-2.29431
166.71	-2.08786	-2.30173
166.15	-2.06723	-2.30301
165.57	-2.04844	-2.30336
164.99	-2.03091	-2.30398
164.39	-2.01432	-2.30476
163.79	-1.9985	-2.30517
163.18	-1.98331	-2.30507
162.55	-1.96861	-2.30456
161.92	-1.95426	-2.30378
161.27	-1.94009	-2.30281
160.61	-1.92595	-2.30194
159.94	-1.91169	-2.30129
159.25	-1.89717	-2.30125
158.55	-1.88216	-2.30192
157.84	-1.86648	-2.30359
157.11	-1.84985	-2.30633
156.37	-1.83127	-2.30993
155.6	-1.80993	-2.30295
154.83	-1.79209	-2.30583
154.03	-1.77325	-2.30956
153.22	-1.75369	-2.31361
152.38	-1.7341	-2.31802
151.53	-1.71612	-2.32295
150.65	-1.70115	-2.32856
149.76	-1.73157	-2.35923
148.84	-1.69973	-2.36556
147.9	-1.66459	-2.37223
146.93	-1.62663	-2.37799
145.94	-1.58648	-2.38222
144.93	-1.54462	-2.3852
143.88	-1.50098	-2.38753
142.81	-1.39743	-2.25678
141.71	-1.35343	-2.26439
179.07	-2.23284	-2.22143
179.51	-2.13921	-2.2103
179.8	-2.22848	-2.21829
179.5	-2.22497	-2.21563
179.06	-2.2206	-2.21229
178.61	-2.2154	-2.20831
178.16	-2.20948	-2.20378
177.7	-2.20276	-2.19867
177.24	-2.19531	-2.19305
176.77	-2.18716	-2.18692
176.31	-2.17826	-2.18024
175.84	-2.16862	-2.17303
175.36	-2.15821	-2.16518
174.89	-2.14697	-2.15651
174.41	-2.1349	-2.14682
173.93	-2.12197	-2.13568
173.44	-2.10804	-2.12164
172.95	-2.09421	-2.10165
172.45	-2.08758	-2.0907
171.95	-2.08393	-2.08864
171.44	-2.08073	-2.08901
170.93	-2.09984	-2.14078
170.41	-2.13582	-2.19394
169.89	-2.13925	-2.21138
169.36	-2.13703	-2.22824
168.82	-2.13038	-2.24716
168.28	-2.12089	-2.27642
167.73	-2.10145	-2.3046
167.17	-2.07983	-2.30922
166.6	-2.06048	-2.30957
166.03	-2.04266	-2.3097
165.44	-2.02586	-2.3103
164.85	-2.00988	-2.3109
164.24	-1.99458	-2.31111
163.63	-1.97986	-2.31085
163.01	-1.96557	-2.31024
162.37	-1.95156	-2.30928
161.72	-1.93772	-2.30817
161.06	-1.92383	-2.30715
160.39	-1.90982	-2.30626
159.7	-1.89546	-2.30587
159	-1.88061	-2.3061
158.29	-1.86502	-2.30712
157.56	-1.84843	-2.30903
156.82	-1.8302	-2.31127
156.05	-1.80906	-2.30167
155.28	-1.79143	-2.3038
154.48	-1.77283	-2.30713
153.67	-1.75354	-2.31089
152.83	-1.73428	-2.31498
151.98	-1.79407	-2.25569
151.1	-1.70261	-2.32471
150.21	-1.73038	-2.36466
149.29	-1.69871	-2.36983
148.35	-1.66364	-2.37538
147.38	-1.62579	-2.38026
146.39	-1.58577	-2.3838
145.37	-1.54405	-2.38621
144.33	-1.50051	-2.38803
143.26	-1.43844	-2.36457
142.16	-1.34756	-2.26123
178.62	-2.22989	-2.2184
179.07	-2.10028	-2.09717
179.5	-2.22503	-2.21476
179.8	-2.2213	-2.21188
179.5	-2.21677	-2.20839
179.06	-2.09925	-2.09504
178.61	-2.20537	-2.19964
178.15	-2.09972	-2.09267
177.69	-2.10306	-2.09339
177.23	-2.1828	-2.18264
176.76	-2.17381	-2.17595
176.29	-2.16403	-2.16866
175.82	-2.15344	-2.1607
175.35	-2.14201	-2.1519
174.87	-2.12975	-2.14206
174.38	-2.11655	-2.1306
173.89	-2.10273	-2.11653
173.4	-2.09083	-2.10109
172.91	-2.08419	-2.09279
172.4	-2.08026	-2.09098
171.9	-2.0778	-2.09323
171.39	-2.09265	-2.13281
170.87	-2.13735	-2.20096
170.34	-2.13843	-2.21782
169.81	-2.13438	-2.23472
169.28	-2.12654	-2.25499
168.73	-2.11504	-2.29238
168.18	-2.09248	-2.3131
167.62	-2.0723	-2.31523
167.06	-2.05415	-2.31496
166.48	-2.03719	-2.31505
165.9	-2.02106	-2.31562
165.3	-2.00563	-2.31609
164.7	-1.99085	-2.31613
164.08	-1.97659	-2.31566
163.46	-1.96271	-2.31487
162.82	-1.94905	-2.31382
162.18	-1.93551	-2.31259
161.52	-1.9219	-2.31138
160.84	-1.90812	-2.31029
160.16	-1.89397	-2.30953
159.46	-1.87928	-2.30928
158.74	-1.86383	-2.30971
158.01	-1.84734	-2.31078
157.27	-1.82927	-2.31197
156.51	-1.80829	-2.30055
155.73	-1.79087	-2.30171
154.93	-1.77251	-2.30455
154.12	-1.75352	-2.30801
153.28	-1.73464	-2.31175
152.43	-1.7177	-2.31573
151.55	-1.70438	-2.32049
150.66	-1.729	-2.37033
149.74	-1.69766	-2.37442
148.8	-1.6628	-2.37878
147.83	-1.62508	-2.38267
146.84	-1.58518	-2.38548
145.82	-1.54356	-2.38732
144.78	-1.50011	-2.38863
143.71	-1.38603	-2.2505
142.61	-1.34088	-2.25776
178.17	-2.22617	-2.21447
178.62	-2.22396	-2.21278
179.06	-2.22087	-2.21037
179.5	-2.21701	-2.20736
179.79	-2.2123	-2.2037
179.5	-2.20686	-2.1995
179.06	-2.20071	-2.19478
178.61	-2.19386	-2.1896
178.15	-2.09982	-2.0935
177.69	-2.1779	-2.17765
177.22	-2.10109	-2.09205
176.75	-2.15886	-2.16352
176.28	-2.14811	-2.15545
175.8	-2.13645	-2.14646
175.32	-2.12387	-2.1363
174.84	-2.11045	-2.12447
174.35	-2.09726	-2.11097
173.86	-2.08736	-2.09975
173.36	-2.08134	-2.09442
172.86	-2.07789	-2.09436
172.36	-2.07727	-2.10026
171.84	-2.13466	-2.1905
171.33	-2.13838	-2.20744
170.8	-2.13734	-2.22391
170.27	-2.13165	-2.24106
169.74	-2.12267	-2.26348
169.19	-2.10613	-2.30962
168.64	-2.08399	-2.31939
168.08	-2.06535	-2.31982
167.51	-2.04825	-2.31938
166.94	-2.03202	-2.31955
166.35	-2.01649	-2.3201
165.76	-2.00161	-2.32042
165.15	-1.98734	-2.32025
164.54	-1.97352	-2.31965
163.91	-1.96002	-2.31875
163.28	-1.9467	-2.31753
162.63	-1.93346	-2.31619
161.97	-1.92014	-2.31478
161.3	-1.90659	-2.31348
160.61	-1.89266	-2.31236
159.91	-1.87817	-2.31171
159.2	-1.86289	-2.3115
158.47	-1.84653	-2.31182
157.72	-1.82455	-2.30346
156.96	-1.8076	-2.30019
156.18	-1.79039	-2.29962
155.38	-1.77232	-2.30189
154.57	-1.75363	-2.30498
153.73	-1.73517	-2.30831
152.88	-1.71886	-2.31178
152	-1.7733	-2.24872
151.11	-1.73252	-2.26842
150.19	-1.69654	-2.37954
149.25	-1.66198	-2.38264
148.28	-1.62443	-2.38544
147.29	-1.58466	-2.38745
146.27	-1.54312	-2.38869
145.23	-1.49973	-2.38953
144.15	-1.45408	-2.39045
143.05	-1.40585	-2.39172
177.71	-2.22175	-2.2097
178.16	-2.21932	-2.20777
178.61	-2.21609	-2.20521
179.06	-2.09555	-2.09874
179.49	-2.20729	-2.1983
179.79	-2.20174	-2.194
179.5	-2.19551	-2.18921
179.06	-2.18857	-2.18395
178.61	-2.18091	-2.17822
178.14	-2.17247	-2.17195
177.68	-2.16321	-2.16509
177.21	-2.15316	-2.15764
176.74	-2.14216	-2.14936
176.26	-2.1302	-2.14008
175.78	-2.11724	-2.12947
175.3	-2.10375	-2.11731
174.81	-2.09213	-2.10585
174.32	-2.084	-2.09833
173.82	-2.07897	-2.09577
173.32	-2.07691	-2.09853
172.81	-2.07918	-2.1092
172.3	-2.09608	-2.1415
171.78	-2.13905	-2.21348
171.26	-2.13599	-2.22965
170.73	-2.12883	-2.24735
170.19	-2.11864	-2.27393
169.65	-2.09616	-2.32
169.1	-2.07632	-2.32368
168.54	-2.05898	-2.32318
167.97	-2.0427	-2.32286
167.4	-2.0271	-2.32327
166.81	-2.01213	-2.32382
166.22	-1.99779	-2.32403
165.61	-1.98398	-2.32371
165	-1.97057	-2.32301
164.37	-1.95742	-2.32199
163.74	-1.94444	-2.32067
163.09	-1.9315	-2.31922
162.43	-1.91845	-2.31765
161.75	-1.90517	-2.31608
161.07	-1.89153	-2.31457
160.37	-1.87725	-2.31337
159.65	-1.86219	-2.31256
158.92	-1.84603	-2.31216
158.18	-1.82853	-2.3118
157.41	-1.80713	-2.29973
156.64	-1.79004	-2.29783
155.84	-1.77222	-2.29928
155.02	-1.75387	-2.30185
154.19	-1.73588	-2.30475
153.33	-1.72027	-2.30768
152.46	-1.70909	-2.31092
151.56	-1.74352	-2.25058
150.64	-1.69541	-2.38524
149.7	-1.66119	-2.38707
148.73	-1.62386	-2.38867
147.74	-1.58419	-2.38984
146.72	-1.54271	-2.3905
145.68	-1.49932	-2.39093
144.6	-1.35481	-2.20762
143.5	-1.40545	-2.3925
177.25	-2.21661	-2.20407
177.7	-2.21404	-2.20198
178.15	-2.09621	-2.10256
178.6	-2.0934	-2.09987
179.05	-2.20166	-2.19212
179.49	-2.19607	-2.18777
179.78	-2.18982	-2.18296
179.5	-2.18279	-2.17764
179.06	-2.17503	-2.17183
178.6	-2.16643	-2.16544
178.14	-2.15704	-2.15848
177.67	-2.14676	-2.15084
177.2	-2.13544	-2.14226
176.72	-2.12309	-2.13257
176.24	-2.1097	-2.12134
175.76	-2.09717	-2.11009
175.27	-2.0876	-2.10166
174.78	-2.08111	-2.09733
174.28	-2.07754	-2.09757
173.78	-2.07749	-2.10358
173.28	-2.08524	-2.12258
172.76	-2.13805	-2.19844
172.25	-2.13935	-2.21904
171.72	-2.13442	-2.23506
171.19	-2.1259	-2.25379
170.65	-2.11322	-2.29703
170.11	-2.08731	-2.32549
169.56	-2.06943	-2.32627
169	-2.05313	-2.32574
168.43	-2.03747	-2.32579
167.86	-2.0224	-2.32646
167.27	-2.00793	-2.32695
166.68	-1.99408	-2.32711
166.07	-1.9807	-2.32676
165.46	-1.9677	-2.32595
164.83	-1.95489	-2.32482
164.19	-1.94223	-2.32345
163.55	-1.92958	-2.32186
162.89	-1.91681	-2.32004
162.21	-1.90384	-2.31815
161.53	-1.89045	-2.31629
160.83	-1.87649	-2.31461
160.11	-1.86168	-2.31315
159.38	-1.84583	-2.31203
158.63	-1.82308	-2.29859
157.87	-1.80952	-2.30829
157.09	-1.78981	-2.29688
156.29	-1.93511	-2.25093
155.48	-1.75426	-2.29872
154.64	-1.73678	-2.30104
153.79	-1.72196	-2.30342
152.91	-1.77893	-2.23432
152.02	-1.74807	-2.24104
151.1	-1.69435	-2.39139
150.15	-1.66046	-2.39194
149.19	-1.62333	-2.39237
148.19	-1.58378	-2.39272
147.17	-1.54231	-2.39285
146.13	-1.49887	-2.39293
145.06	-1.41506	-2.21681
143.96	-1.41258	-2.34395