 172.35 
 171.54 
 163.26 
 162.28 
 161.29 
 160.29 
 159.28 
 158.27 
 157.26 
 156.25 
 155.23 
 154.21 
 170.71 
 153.19 
 152.16 
 151.14 
 150.12 
 149.10 
 148.09 
 147.07 
 146.06 
 145.06 
 144.05 
 169.84 
 143.06 
 142.06 
 141.08 
 140.10 
 139.12 
 138.16 
 137.20 
 136.25 
 135.30 
 134.37 
 168.95 
 133.44 
 132.53 
 131.62 
 130.72 
 129.83 
 128.95 
 128.08 
 127.22 
 126.37 
 125.53 
 168.03 
 124.70 
 123.88 
 123.07 
 122.28 
 121.49 
 120.71 
 119.94 
 119.19 
 118.44 
 117.70 
 167.11 
 116.98 
 166.16 
 165.21 
 164.24 
